9
89
524467
393486
131374
308
524692
524625
493202
262519
393608
131547
131565
395598
375347
714
393954
394036
131927
263041
525232
394172
394210
394276
263212
394330
48047
525424
263381
1264
393428
415275
263450
263462
1386
394627
132494
132500
525782
1526
263677
132654
525898
131342
8731
394879
498436
371654
393508
395030
526105
1864
395192
401602
264158
526350
153270
524649
395426
2211
133284
264358
65905
395432
526514
2232
526521
526522
526523
133308
133314
2244
264389
526534
264395
264396
395469
2258
264406
395491
526565
395495
2280
395498
526588
393600
526594
526598
262529
264456
526601
264473
133403
264476
395551
395552
2337
2342
395560
133426
133428
262538
395584
2374
526663
133449
264525
133456
526680
526681
526682
133467
395614
133482
264555
2415
264567
133496
133505
264598
2459
526754
526759
264618
264620
133549
526769
526782
227843
197029
395822
2703
106497
405991
133835
2776
527112
43742
265070
2964
32301
527267
265187
139144
134227
134238
527533
3286
265432
396685
3579
265781
374498
134849
265934
115055
134955
3917
266165
96046
135242
266366
366972
135392
528642
4410
4421
528756
328427
135577
266676
135626
528851
397942
529019
135822
100542
110019
529087
398036
568788
529188
4904
267189
5111
262997
529427
529562
529572
136384
529661
267540
401569
5508
372308
136699
267852
530002
530047
136849
530081
5832
399095
399138
268095
437900
399203
137181
268317
497211
44734
268516
569046
241369
399668
6465
530869
137666
66637
137681
137704
530966
445404
6725
59403
145820
297018
110404
227193
531444
400417
531552
269458
531657
531662
400593
138456
394447
269532
531681
269538
7396
269541
269543
400623
269557
138486
7424
269588
138518
263385
269597
7455
138529
531752
138547
7476
269621
400702
7489
531782
7498
138571
138572
400734
138591
269664
400740
531814
400744
547388
400752
531828
138618
531844
7558
269704
1261
531861
269718
400792
7592
400809
7601
269749
269751
400832
531906
7621
7623
7625
400845
7642
7643
400860
400861
269790
269799
531948
400880
400881
7669
531961
138747
531964
269829
138760
7689
531979
531987
138772
269858
269862
400936
7721
400940
269871
7729
7733
7735
7740
532030
269888
532036
400968
400971
7758
269903
269913
532059
7772
400993
401001
138859
7794
269947
138878
401032
532106
532107
7823
401044
7830
532124
1307
532137
401067
7853
401071
7856
532147
394527
270024
138956
532175
532178
270035
547450
285307
138982
241617
401136
401138
270070
7934
139009
263467
270089
270098
532247
547460
532256
532257
401194
401196
532277
139075
401225
401229
401231
532304
401235
270166
8025
8027
270172
394554
139105
270184
270186
401260
532333
532335
270193
270198
8055
8063
401287
139147
401292
139150
8081
401299
532376
8093
401310
401312
270243
139173
270254
139183
401337
270270
532419
270278
8138
270284
139214
139215
532437
532439
8152
532445
401381
139240
532457
532461
401393
270325
270326
532471
139258
8187
547498
139263
8193
532482
139282
401436
401440
8228
270379
139324
139326
532543
139334
270407
139336
401482
139344
139345
8284
8285
8290
401507
401515
401518
8309
401526
8311
401534
8320
532612
139397
8339
532629
532631
401561
532635
139426
532644
139429
270502
8429
270651
401735
270703
139639
532866
401821
139711
416528
533220
402167
402224
402264
45204
402331
140244
402420
140304
140360
271473
402575
110797
9425
533808
416648
110821
271736
241904
140708
271803
284021
285634
534168
140954
272034
272155
272203
534366
403306
10176
272444
141413
534751
403754
534958
569774
161846
10784
273081
404163
438734
404242
535355
273250
273276
404350
11146
108314
11244
11271
404507
142420
273537
273560
273561
11420
242203
142689
142733
142746
11720
142824
536059
11774
536067
405060
375425
187752
536179
405141
143017
405225
143096
109008
405278
12073
143171
536392
12169
536474
536494
569214
96973
405451
536535
17866
405473
405499
405515
536609
143416
143532
148809
12488
405709
143578
143607
143623
405838
536960
244835
143764
12698
12704
67655
405934
143800
405995
405997
12803
406034
12838
55951
275038
98480
537248
176925
144049
144079
406230
406268
526464
406298
279415
144272
144275
144320
144358
166296
275511
395444
537689
275565
460991
13468
144560
406710
144580
537803
133329
13568
406805
144705
2281
144760
308121
144817
407135
13922
407139
276069
373697
538270
407216
407238
407301
2349
276295
145262
14203
145337
526671
538640
319088
276514
538691
538701
570385
320045
405121
145606
538848
428208
145682
14791
145898
276972
145911
145935
111705
395703
113725
408177
277122
277156
277202
111737
539372
15110
277267
277284
15151
539448
15165
408431
277375
15239
15269
539596
146436
15374
539710
306490
539737
277616
146584
539851
277746
408829
15617
539920
277821
15678
277858
277907
15772
330311
15794
146907
277990
409092
409097
540257
409216
147073
16015
16037
147131
110092
278243
16112
16125
540496
540508
16246
16251
540567
16283
329191
278467
540795
278737
409834
540933
278796
147778
278921
295428
417885
541293
541338
17076
498125
144599
17153
427835
148343
148373
279450
199502
541677
148502
279578
419575
165350
410779
410808
371486
68482
279844
542060
148858
243280
148969
411171
17967
527283
280176
18041
411358
243333
280442
542591
542630
280508
330752
18460
18466
18542
18564
505553
26812
493911
19074
265324
505625
150185
31188
509883
150300
543520
543534
35558
550572
412516
412555
374598
150442
281578
19489
150594
543814
412780
543877
281764
281790
543942
19695
544018
281961
19818
330990
413164
112553
413198
413374
527649
544457
20384
413665
413716
20513
282661
20528
151637
170902
413903
151801
151892
545160
151959
414314
21223
283431
21469
414747
571573
283720
265745
21801
3637
21868
21968
415201
153219
309531
489844
375086
549849
22340
432832
109858
22447
22448
415694
153591
153616
153674
284756
153710
153736
153814
153845
113023
153880
416047
547165
285091
416172
547265
462589
285170
547315
416286
285358
416450
34423
154382
285486
69428
23450
547752
109895
547999
280119
416973
23812
285998
286000
53170
286116
286137
24023
24026
548351
417293
417369
393611
548545
155448
286619
199577
286773
548936
286802
548971
24702
286876
550258
266273
286953
24815
24823
105576
418114
549199
418151
419226
156066
549317
156128
287213
549375
287249
549400
418333
405931
156202
156221
25167
418394
397414
419834
156323
550359
287541
156543
25525
156604
156608
179025
25665
418894
549972
156776
418927
288275
550021
287881
244589
266436
418985
397203
25855
156939
25907
419145
572301
157026
550278
288187
550394
157198
157204
550438
26208
271157
550532
157342
157344
419501
288450
157397
288506
186103
157491
26436
419664
419678
157645
288723
528992
201039
559544
332115
26662
288836
236318
158017
289033
420183
92553
26995
551284
158105
446231
289245
158195
551413
289282
27142
158233
27162
420380
420404
289338
551522
289428
27298
420575
5277
166766
158540
158555
551795
99139
157512
289739
27616
158726
289852
135694
158818
552041
507073
552114
421102
552297
376047
135759
159198
28154
290314
552467
552502
159299
552520
502860
28263
421488
159346
552565
28288
236626
397938
421560
421618
419798
290566
421639
357926
290584
159521
552740
419942
28517
290668
290676
28589
70787
421897
179545
159768
552985
354309
421944
157707
159820
28782
28797
28802
422026
159888
290962
290974
422067
159924
291019
553176
546527
183805
160009
266976
553310
29041
291194
160142
419908
29104
160181
422354
160214
422389
160264
553487
422427
422452
553528
422461
553548
29285
29286
29304
422528
422534
29320
29323
293489
291484
110090
291493
160428
29377
160463
422611
267048
160516
291592
29473
553773
160629
553865
8053
422816
419996
422866
114169
422876
422878
160774
29706
422939
529097
291897
160848
554066
554083
423023
554102
29817
572949
160900
554125
160926
554152
160938
160940
554159
160944
554171
29891
160996
29931
29942
136064
288982
161031
161051
554283
423214
423222
161084
35916
554332
30073
554364
136088
554398
161190
30139
292289
161287
554518
292386
289031
292416
245345
161367
161384
161386
423534
332733
554635
157977
161438
161451
292533
292537
292538
292543
423620
554699
292574
161510
292596
30462
554770
423720
30526
284768
114316
423768
332773
554854
30569
161648
423796
292730
114326
423815
292767
161705
423872
554950
161749
136185
292827
96223
292845
554996
179968
555015
555020
161812
161823
161835
292912
424018
158051
30805
30820
494217
424044
30836
161919
551275
161941
293014
424088
289140
293061
424137
293070
30947
555263
293165
293169
5172
31084
551314
424304
293242
424340
162199
162206
31135
162213
31187
424408
463953
162285
293362
555514
293371
293385
162322
162343
31286
162375
424532
555613
424542
424560
424588
31375
31382
507674
424637
555755
162573
424728
31532
31536
31537
325801
31590
424816
293763
555910
575772
293805
293820
158197
162769
162813
556039
424979
556056
162861
31798
162880
31812
158223
425114
294051
425127
556203
31922
425141
31938
425155
425175
425201
425218
294159
556306
425242
163101
294186
163128
420406
32074
294226
556383
425341
556417
294283
163234
294323
294325
32183
294346
507812
425441
32242
32248
556544
556554
163362
5383
424434
556617
556636
294509
425582
556660
294535
556698
294565
425653
163514
556745
556752
425701
163559
425721
294688
556838
376796
294702
294716
294734
425817
425837
32629
163713
425859
401402
294823
163764
32699
557005
294863
27299
557021
505626
442364
163818
32757
294920
294937
294942
136539
507910
294978
426096
557174
557186
32903
557205
163999
164001
426146
426152
32937
295106
529786
164066
295154
295159
136575
164100
164102
295193
33057
557355
426300
33094
164200
33130
426350
33156
33172
426390
426428
557508
426445
295394
164348
322321
311383
295443
557589
557609
426551
33417
164499
33445
164534
295613
557768
295626
557783
158501
164587
426733
5589
557825
136670
33593
557888
164691
295780
426869
33663
426880
295836
557985
426920
295850
33733
295889
33761
426994
558090
558092
295970
551024
433214
164918
164920
558142
296002
558148
558166
33898
355175
33901
33912
296064
33930
33943
165050
296153
427252
296187
427269
165142
34104
572888
427335
34120
34138
427382
27544
165267
524881
296360
165299
34235
427462
398924
296410
427493
34279
558584
427555
34356
427586
427654
558748
232467
296613
296631
558786
558798
165587
427736
34523
558910
165706
558968
165753
427909
296894
428006
535795
34837
165936
245577
573815
428304
35097
428340
538007
35190
428407
559497
428502
136953
35361
559652
297509
180123
428595
35382
559682
289894
166533
428686
166594
166598
428778
166678
428834
35668
459463
166797
297870
158876
560052
35817
297979
297990
560137
411881
35945
298142
167171
429319
429335
36123
509509
167220
560489
69200
560517
429448
429455
560532
560573
36292
167397
429559
560644
429606
560691
167533
298651
429745
298698
167645
167740
298853
36750
508568
167848
298981
36908
561201
168083
37015
37024
561346
115419
424596
246494
430396
168274
136540
37286
168368
37326
561630
561643
299527
505657
37429
561731
561761
430771
430776
299712
168657
561891
399488
561988
37708
312126
373476
37782
562071
319868
420253
300021
168963
431112
300103
431178
421393
38033
38046
530636
562401
38226
169334
431492
290378
367896
431553
190547
300501
562664
169529
270475
169600
562826
431808
38622
431853
562930
38730
563024
563164
432144
170008
170045
290485
563270
170225
39171
301334
563494
432448
563525
170313
574527
394115
432522
39315
170388
563659
301549
432636
301591
563743
432673
563746
328654
301646
301649
421656
432806
301764
170712
170751
530906
432956
433007
170937
564162
433133
88621
39987
171075
433235
171099
40056
433301
302240
302249
433405
171272
181468
509149
40251
171330
564680
40418
564837
302712
564884
247065
40716
433951
171808
40855
40893
171966
116049
50518
565264
434201
40988
565313
434370
303311
434413
448944
565594
172392
110490
172475
41456
574901
572025
247269
435046
41832
172937
41940
42003
42007
566319
566385
435363
566489
173282
159953
435458
304391
553179
42285
159972
435548
304523
378440
304587
435713
42513
42540
566844
28942
566886
435833
42634
66890
567008
304867
304887
304889
173843
173882
42828
489109
436182
154189
494622
567301
43029
305219
436295
313019
174228
43190
436440
43256
174399
115511
567706
436662
174526
305600
184763
567754
436744
174623
174632
436859
174735
174773
174901
568143
568171
378720
568393
437336
175217
306305
568549
44267
437485
306420
175359
506576
568640
306511
241527
182164
306557
175520
437710
568840
437783
568886
44606
437849
175798
175881
44816
175946
307025
44913
307082
44960
307108
372482
569286
509948
569341
45058
176131
45063
307240
176195
569442
45183
438462
569567
45361
176558
160503
531883
307751
307894
439084
439118
45946
177050
570280
177088
308208
573287
570412
379067
177289
177314
177325
570574
439506
570620
308522
400948
439633
308582
308687
439784
308760
570942
570968
308915
309087
440160
309163
47054
532132
440313
178198
309294
47235
47288
267422
571653
571885
178674
178763
440919
532239
47735
401173
95349
310021
572173
310289
179242
554169
572565
572584
577725
310450
572602
48340
441605
48451
310606
441727
310672
179618
441772
48572
441816
48616
441900
10799
573018
106371
181453
532411
139211
48908
442185
442232
180099
573336
573341
442400
163125
442443
311388
442461
311478
573659
49424
180569
311678
49550
226713
549101
311771
226758
311999
312038
443165
312139
181098
443254
199354
360300
443296
579065
181173
312247
8356
574463
554502
443465
312403
574667
159109
498492
574755
181551
50480
445785
181584
574818
443875
443880
443944
312939
444036
181909
50846
554619
575206
50927
444168
50954
444214
313209
575361
313244
182189
444397
444409
444448
182385
401785
444664
444744
575842
227061
51663
554750
313932
445099
445111
445143
445187
202499
52012
314190
96056
445308
96067
314298
180682
183292
183372
314447
52324
183427
554860
363719
445607
52437
445670
264502
554891
401980
183692
576950
577087
394565
183888
577225
577278
184106
315202
315314
446471
497972
446506
53351
53361
577762
184610
546791
184669
446834
507511
489538
446884
53722
53756
184835
163281
578171
578184
447151
54124
313617
271167
533316
578497
578751
578805
54521
447741
316826
447913
41103
579029
185820
579051
185866
185983
185991
249455
54943
579312
55033
55128
55202
489802
186405
579659
30566
448613
55445
579736
55468
186614
489856
194289
55627
424337
580026
186952
449154
442687
318328
56289
187400
187465
114468
449776
56647
445556
56784
187886
49902
187952
490723
577484
402730
581396
564926
581446
319339
450434
9539
188440
450587
57498
420912
450914
319996
468125
441199
494446
578046
577637
533949
451240
451283
320245
451337
189212
159061
320382
58268
320436
224537
451707
189656
503871
451836
31621
58658
451922
451934
58731
320957
189893
58834
189922
434047
58951
452168
59024
59075
468619
59229
359868
59526
321701
452782
452789
59582
59596
452905
452982
293955
453025
322008
59868
228435
191016
59972
191156
191175
191197
453366
53716
578005
322376
322402
322407
322411
453562
184828
294080
453779
322769
323054
426585
323114
192098
364293
323387
61372
323592
61459
323626
32095
61587
578250
192710
192745
61674
324012
61877
193047
62046
115829
455444
62336
324488
193452
62426
193506
455691
10414
96435
324732
324764
455877
324823
62716
39698
62763
456035
193892
456076
325057
456142
316336
456251
28287
54218
63166
325332
325362
2106
412371
403761
364364
556695
456608
534859
194530
10579
194553
194564
325685
194616
63572
325833
325837
194820
229084
325989
194974
326080
63938
457162
457261
64054
195296
360031
64308
578702
457660
34827
457678
360271
195639
403687
64684
360306
64704
458022
458057
32711
458124
316669
327178
196108
327198
141922
409825
196307
65280
404101
196393
32739
458592
152320
458748
65601
557081
327843
491558
196851
65781
459018
196888
65855
196971
197069
11010
328214
197155
197221
197264
491638
328391
66319
459557
329551
459670
197561
197583
66566
328883
328902
66859
460100
98531
460118
66929
460148
110431
66995
329141
185963
237922
329386
557344
460503
198375
329543
67462
67560
198653
329755
329847
198788
329919
67779
198993
67974
68028
199151
543470
68206
68223
68305
461530
199458
68403
330562
330607
330621
461695
542472
33262
330652
492040
330807
68700
579440
68788
199913
199946
426548
200132
331266
200213
331302
577447
69286
492151
98944
448471
69410
200500
331577
331588
331629
181260
393268
557746
33471
426690
69816
69826
492236
200922
69866
408227
332069
332158
361205
70094
404899
463318
404905
201249
201252
495528
11701
317537
238025
273866
201406
578459
201425
463616
463680
463696
463702
230210
201675
201702
201738
70718
332875
201839
333067
70965
464303
110459
370748
71629
376697
202856
960
203086
203179
465465
203481
334714
543617
465829
465945
499978
99539
274304
437810
241408
163939
73721
467145
74051
552403
205380
205794
144797
493066
74875
569887
99942
99988
337819
34475
538210
231164
100157
493398
242982
493416
245797
470333
274999
339491
339545
77432
238286
500162
340633
231536
295057
251442
535136
268901
100817
166375
57178
537844
212633
544408
232093
61648
344031
357561
81
232143
344292
79269
475659
101157
344807
213838
232250
476125
476188
476235
159889
214250
560004
83627
401218
215023
346178
415871
494618
14044
430531
477567
346503
84427
215523
84677
451033
346938
84959
478227
216091
36017
475425
167243
368066
101874
349337
142570
148101
218717
264791
360811
87756
480979
87767
218840
349939
369443
80200
88192
481609
88576
350724
88613
481856
350795
481940
219842
482122
482251
472832
351401
469389
495518
112453
89943
103383
483305
90122
365265
483611
483690
168865
483769
352724
107766
221701
155795
91463
222599
562242
353919
222857
91891
91942
238749
485367
223369
265708
223516
354645
233871
354831
92691
92729
223831
354936
114060
278060
486215
355210
93078
93106
496115
486417
33793
93597
93809
487038
355991
103033
361021
356213
99159
103119
356921
475488
95241
430950
226442
538356
488682
226559
16273
226597
357700
273782
298347
452837
226658
270362
488894
226751
488897
474699
488928
357881
59648
341941
357966
174358
95880
227040
489191
489199
452909
227137
358223
96177
358334
227293
96222
81576
496646
52502
489542
227502
489700
300070
358633
96500
489735
96582
227675
358770
96628
227713
453016
227734
358825
169032
96690
96693
358841
96728
103510
358921
227858
96859
227935
540444
228018
228091
97053
359200
359201
16188
97130
490385
453111
164725
300197
228329
359439
496431
409438
228434
97371
359521
359567
228514
300232
496847
279104
359775
97660
359865
97778
97795
359951
59993
191068
228953
97883
278224
97913
97914
229002
491204
491241
360185
491279
491330
360273
491346
360277
229233
509555
491502
98304
99293
544475
360535
98413
491636
360579
400443
300415
98560
81964
360759
98642
60140
360855
360868
98748
81994
360896
229825
229875
213077
492069
98878
229962
55651
554949
230007
492178
230070
278646
99030
38353
361197
38370
361316
361376
361437
409767
492550
230417
86234
475318
492627
409791
361604
99466
578521
475336
554953
361670
361736
213207
99599
230673
230727
562766
230900
79111
362035
99966
99968
231047
231062
295753
269566
362199
493307
557628
362314
362340
100202
493428
362371
493459
143003
231337
100273
100316
453629
230296
100396
362547
99364
231609
362683
322592
100564
231637
493792
231657
362744
231677
100611
231712
493873
105580
492179
362839
231801
493947
362879
100753
231845
100777
322634
577657
100812
362966
363006
363022
363023
363038
16823
60519
494224
363169
363191
494264
431915
232218
363303
232279
363370
404826
101241
101248
232377
494528
232389
494534
494552
101369
494599
101426
494676
494680
38756
308895
418009
101510
363671
494771
101559
232648
494795
232656
494811
232781
363919
279108
232890
364032
233007
364139
102004
578169
495243
102029
495247
233121
495304
541319
495445
233319
495489
364437
364455
102315
301045
364517
440623
233615
233642
364722
364770
364797
102667
495903
343853
102766
364932
233878
102885
475902
365101
126389
148239
148240
234083
103018
234091
533154
365258
234207
365284
365312
496404
496429
496457
234396
413707
103380
279375
234468
234475
365569
234501
103437
416315
431169
103504
365659
535399
496799
234671
234672
366793
496826
160573
365782
365802
496902
496918
103720
496942
439906
111549
103773
103778
365947
103843
234916
234948
366022
366025
103902
366049
234986
103929
518321
235061
497311
366254
104127
279503
496294
235268
345047
74335
553401
366408
104277
497494
320667
104309
497528
235403
235410
186784
104368
302511
104542
366695
257729
235683
553413
497847
497856
226075
366799
68953
235744
432510
497915
366863
235795
279603
366948
104879
104891
367125
367177
236125
498372
236243
236260
498421
236316
236340
105293
17553
498588
498644
498722
17587
105531
236629
498786
55891
105643
367795
431241
39455
105666
239204
105762
323462
367951
236897
105865
236961
499108
413792
237003
499155
499166
105976
237077
106029
237143
106104
413799
237233
506988
498295
368397
237333
237337
237340
237367
466179
106315
368474
106352
237453
508055
368588
499700
106504
237608
105139
106557
106567
440002
106660
237818
106772
368931
237886
106830
106832
106836
500057
500060
321938
367337
369071
500152
373219
369095
106964
45230
238049
500196
106993
500233
365819
369267
238200
175293
107144
107147
107157
238238
369331
369357
238304
400742
287265
369418
500634
107421
500761
500768
500778
79277
238685
238688
369770
301927
369778
369782
500904
369848
238795
369872
369889
500991
542255
238881
465922
501094
370145
370162
108019
108034
239120
370278
108238
108254
239331
239339
501515
404296
370479
302052
370537
60350
553541
274213
501718
29801
501758
138915
108575
370763
370802
239772
239784
51630
501966
108751
239881
502089
502091
108914
280297
108944
240046
433224
502285
371255
502338
109125
109164
502395
371412
302201
502495
502504
502508
109314
502564
8006
502581
371548
345914
470647
371587
171158
502686
109483
371643
502717
502772
109561
109568
371717
371718
109588
109622
240709
502862
371808
492478
371847
502933
502949
240813
109778
371928
43895
240862
503014
109823
564451
372121
193095
110030
40187
56040
241271
503416
110204
241294
372378
40219
503464
372404
433441
110287
110327
241421
503567
372498
503598
503623
241491
503683
372615
372625
110484
110488
110514
503734
503739
372674
372685
503761
372691
110581
110697
110794
504039
241911
373076
504154
135796
504230
18505
242116
504306
504336
373294
242248
258832
242291
564684
492183
504560
504566
373500
242431
242467
242484
111455
373639
84120
373729
373730
373747
111606
504861
504862
373880
504980
505111
111911
114222
243019
313609
18670
374239
243173
477442
374288
112250
243327
112286
243373
505552
193488
374575
505649
112459
505700
505705
112495
112497
396172
243580
505729
374661
243610
314993
505876
505903
34304
374846
243796
265625
506011
112801
506030
506045
112836
60496
324645
243938
112887
243970
506162
375099
217623
506231
259137
506283
91056
244209
113147
506378
375331
375382
113244
244367
506530
409674
244425
244461
506641
244528
506673
431504
113561
375714
412146
375728
244675
113660
113668
113700
506964
505708
69256
507148
448976
507196
499598
150074
245096
114034
114142
245230
114162
114194
507489
245356
245371
553736
324893
507570
114392
40911
324910
507749
507838
114630
376776
213314
114652
507881
219861
376828
376831
324953
507939
245806
346806
376919
412350
376983
343551
245982
377056
114947
377110
508202
246089
115018
508245
377177
377205
115132
246218
368729
246307
508530
115316
378293
508592
246496
377570
377583
377589
377594
115506
508724
115519
115544
84800
508814
346947
115604
115619
246718
508944
246852
377926
246869
565435
509034
246927
378028
378077
247034
247124
247131
116131
143929
247318
378393
239555
237835
116326
378486
247416
378558
191551
509652
509654
247515
335581
509702
509706
209012
378684
116579
150512
434502
509864
412666
191561
247849
510004
412681
379034
247976
456392
510141
41345
117016
170371
543830
379593
118027
500273
118140
118234
380420
511522
511693
434837
380928
118837
381244
250225
512787
250827
513108
120044
270234
251405
382558
304093
120811
382979
252283
514513
252381
121316
42103
252751
63974
497244
497245
515191
384261
122250
122459
384675
384826
384857
385339
254431
516625
195351
217252
517115
123967
124067
124360
304716
348478
566969
518242
387264
173777
414088
304864
326723
518686
387616
256734
501549
387857
64659
519124
519209
388245
86573
257341
108429
257575
388740
126613
257723
257788
126967
258040
520208
127104
520349
389280
520361
520501
392585
127301
258517
258705
384563
258819
520978
156849
127921
521218
458184
390374
128275
259354
259417
501995
521620
259484
259712
357810
218057
87000
480241
522229
129072
391292
522616
391739
522819
1431
391821
260871
391966
129871
130142
392329
196503
152819
261664
139049
371313
502422
524273
