410266
196639
533342
458804
143158
148409
170235
536855
153041
327820
436481
13124
132417
132420
1350
525640
132430
263504
394583
263512
525660
1375
1381
263526
525678
1392
132470
1401
525691
525693
1408
525698
525700
132485
394640
132503
263576
263589
132521
394666
1453
263599
263600
132531
132533
415305
1472
132548
132549
525766
263623
394698
525779
132564
263639
1496
132573
263650
525802
1515
1518
394739
525813
327935
394748
525823
525834
132621
525841
132626
394776
1562
394783
394784
263
263724
132656
1586
1589
525891
132826
1764
270659
1774
526082
395040
263970
430351
132959
1900
1911
264076
526232
264127
264128
538057
395214
2001
401603
395242
526320
264179
264193
526347
2072
133151
395304
395326
395341
395347
395365
264296
264307
526458
395406
44057
264350
526542
284366
526554
2278
264436
133369
264474
395567
264499
395576
264526
264551
133490
133508
526750
131485
133554
131486
264642
395742
264695
2555
526856
526867
2583
133660
264734
264752
133727
526968
336159
183401
527048
2774
396006
527092
301247
177726
4481
197195
139782
174701
44327
528305
175439
13230
184536
66246
4426
135502
397648
135508
4441
397664
397668
397673
397675
528748
397678
135539
270749
266618
4477
266623
266631
4488
266633
4490
4502
266655
266659
4517
397736
153671
131826
397746
135607
135608
415818
135618
266696
397769
397772
4571
393978
4574
4575
528868
528870
528882
4595
266749
397824
528900
135685
528903
528906
4624
266773
397859
4647
528937
4662
135735
266809
528957
528960
135749
266825
781
397908
135775
4705
528994
528996
397925
397929
4716
135790
135800
529017
135806
529023
529030
529036
397973
397974
262937
397976
4762
266910
529055
266914
135845
135849
4785
398004
266939
135878
398025
266959
266961
135894
529117
529120
398053
22652
4843
4844
529137
398070
398071
398083
267014
525101
135955
135959
4888
4891
135966
284805
267042
4901
4903
529193
398130
529203
529208
267068
136002
4931
529226
136014
66373
398164
267095
529240
136026
136027
398172
136032
398177
267106
267111
4968
529258
136043
529261
398191
4978
546963
4981
267126
398200
267136
4993
398214
267146
5005
136078
5011
398229
529303
5016
262980
529309
529311
529317
267174
529322
131911
136111
525128
267192
415903
136132
398279
529353
398287
398290
529365
5083
415909
160647
529379
5095
136168
267242
5099
136184
136186
267260
529408
5131
398349
398350
267290
398367
5152
136229
136235
398382
267311
136241
398388
5174
153780
267324
398397
267329
529475
398406
525153
136265
136267
267353
529500
529503
529511
398442
136299
136302
529524
5237
529529
136323
5253
529542
5256
5263
136338
529555
136343
267416
398493
131952
529570
529580
136365
5294
136369
529586
22729
263028
398523
267454
398527
267457
529602
267463
398544
267476
529624
5340
529629
136415
267498
398571
529645
5362
568873
5368
284884
131967
5377
529667
136453
267531
136461
525187
398615
529689
267548
398622
267552
398633
267568
529715
5430
398648
267578
5435
267583
267586
267594
529772
136653
267731
267732
529877
398821
5608
267753
136683
529910
136700
267774
398863
267798
529954
529964
5683
267830
267831
5699
267848
22796
267863
398936
5740
530059
267925
267289
530082
547099
267957
136886
5823
267969
530127
399064
268008
5882
328663
5915
5916
136992
530211
530216
399152
268094
268100
268122
268129
399214
268146
137090
153921
399241
6026
575280
399250
6041
137115
268192
268197
268200
6057
137134
399282
399288
137178
137203
197638
399407
6200
137274
547168
268370
6229
137332
399481
6268
399490
6293
530592
6318
530610
22899
6327
268472
404194
530653
268512
6380
268552
530701
399630
530726
530743
530745
530750
399687
268617
137579
530796
5359
399750
6539
6541
137617
399774
6562
137635
399780
399781
416167
336289
530936
399868
399875
399885
6675
399910
137767
268845
6709
6715
399932
137798
6749
531040
399973
137832
137838
399983
137859
6790
6811
6824
268982
416202
6862
531151
531153
269022
449775
175912
531201
6920
132515
531236
400168
6957
138036
6973
401768
531266
400200
6998
269152
531307
138114
138131
394393
7069
269228
269229
531385
1183
531396
400332
269263
138201
531423
7159
531453
569174
531465
531474
400405
269338
459951
531507
269366
531515
7275
269422
138368
531591
531596
400535
400544
138401
138405
400558
269490
7357
531658
531659
148639
138453
400599
400602
138473
400621
400622
531696
138482
531715
400644
269580
7452
400686
400706
138569
7503
400737
400748
7535
138641
531868
394480
7596
400822
400828
400829
7615
400838
531912
531937
7650
531949
531960
138789
532014
138810
532045
416357
269920
7778
138851
7782
269927
138861
7809
394518
269958
154220
401041
532115
401054
138922
269996
13355
401085
401094
132385
7894
532188
138977
532200
139000
532220
401167
401169
401171
398817
270109
139042
270123
401201
7988
139065
7996
270154
139083
139095
401251
139109
401266
139139
401286
139151
270224
401301
525636
401307
401308
8095
270248
401369
401370
139230
270315
307197
139272
445454
139276
401428
401435
270373
139309
270384
132447
401499
8294
401512
8297
532589
139380
8314
532605
270478
532623
401553
401558
438300
401580
8369
270523
270534
270536
532689
532710
132476
270586
270604
139538
139539
532769
270636
8494
270650
139590
8520
397455
139598
401743
270683
8553
532856
8581
139658
460187
401829
139686
139696
139698
8630
23287
8653
270809
139739
401885
272402
132523
139780
270865
8725
401957
139831
8772
270947
139878
8807
8809
139897
533134
402081
402082
271011
8872
139945
139948
139956
533176
8909
139982
139983
139984
8933
533228
402163
533240
8968
8979
140065
140074
563323
140088
271166
271171
9045
271195
547643
402281
394729
140152
533381
533384
533394
271253
533402
140204
327643
140209
271282
533441
271298
402384
402387
402396
9190
402407
402408
140291
285526
271373
533529
271388
144337
271396
533551
271422
394764
48319
9322
26498
402562
533638
140450
525851
271542
140473
271563
140493
402644
402650
402671
176342
1580
402705
533784
271641
140627
1596
271729
9608
533944
402885
140787
271873
271906
9797
1811
271972
271994
140940
541529
140990
272064
141003
534220
9935
272101
9960
272143
10015
272160
141121
403305
534391
534412
329150
23539
285686
528446
534513
10230
141336
397513
272412
141348
10281
141382
534633
403571
141429
534655
272544
534694
10445
403683
534796
534848
534867
272735
10624
141710
10639
272790
184877
534965
403915
10701
10711
535042
23639
403986
535060
404024
10818
404108
397534
404127
141996
273069
273094
349527
535302
404233
154754
1837
535325
142123
273207
263989
11107
273253
11159
535468
142333
404495
273446
404533
142418
535692
7932
11461
404684
132984
133004
23779
535896
535899
11613
273814
142749
11680
404917
273850
11713
329634
142803
11737
404964
569941
536087
11826
274039
274047
142977
143006
143009
536286
405271
12069
143168
536419
274334
329715
405435
405461
548177
536562
198654
274430
274437
12313
548186
528517
536641
536648
12386
405605
405612
536707
143522
143528
12459
536752
12497
12501
12509
536808
536834
143630
327758
405823
274768
405843
143756
143797
274881
143811
405964
406011
12810
406047
23986
198759
406145
537231
537255
406224
406233
275170
275190
161927
401977
144353
13285
275432
537579
144394
13362
2229
537667
275558
406662
275608
275643
13506
308095
266689
13670
406895
526571
406924
13717
275895
144832
406982
275917
144906
407092
13967
407197
407201
13995
407246
14070
407377
276317
538470
407441
538523
14269
407505
407522
276459
145409
458752
538643
14367
145452
276531
538682
276542
276559
145497
276572
276584
46981
407689
14502
407739
276686
14543
407761
276696
145631
276716
407795
407810
538887
276749
145690
407845
145718
407869
264589
538985
276874
539051
276931
276949
539099
408040
539147
14876
439386
539167
277026
408100
146053
539270
168569
408207
539287
408239
146096
539313
277237
15122
408345
539418
539430
15153
408373
408386
15382
146469
539702
539718
408664
408680
460458
408718
146602
15544
15546
277697
539845
322203
146649
15588
539891
277764
408854
539930
15645
277799
15658
535282
408923
277852
190645
146801
15757
408978
540092
277950
540135
278001
319139
15902
540205
15919
439560
300383
147012
175112
409199
540273
540287
147076
147105
68211
147134
278238
409327
66005
540428
409368
278297
284150
278335
16195
548834
147283
540503
409444
409455
16240
409457
177470
409468
147342
278418
262413
16290
330395
540582
278439
147371
147392
409570
147459
278541
409621
409651
200003
147520
409669
528213
147543
16547
278692
16567
147646
540864
308598
409811
279438
16659
409949
160443
409966
541092
52957
410082
410107
410143
410175
279117
541327
279189
279243
46544
410343
541439
279322
17181
155790
24723
410498
541574
17320
265036
148452
410601
541676
183890
279577
17450
17460
17481
4947
439824
541823
279693
279697
148629
17583
17585
148676
279762
279763
157239
192627
541961
148747
17696
17703
148781
542020
542033
542054
2963
542081
542088
542103
148908
17839
411061
542160
148956
148963
542200
280062
411142
17938
134068
280133
411208
18000
149079
542312
18048
149157
18090
542391
280266
18127
542443
280302
4970
411408
330712
149280
411443
149314
542552
411492
18290
149394
411557
542643
18375
149467
18401
411620
18418
571051
411653
411669
18464
149566
280641
149610
149615
542866
542881
411814
18605
134177
542925
411857
411862
149726
199720
280823
18704
280850
149791
149812
461878
411975
543084
280942
177896
280955
18816
18839
535212
412083
149973
549284
156069
543202
412134
18930
440066
281105
412200
543276
412208
19002
543337
543379
19096
412325
281273
135937
19146
281351
543585
19318
199829
281503
19375
543695
150480
543697
412631
150502
543732
68778
543754
402184
19472
281646
543795
543803
281665
543817
281678
412756
150614
445832
178030
462023
281774
412910
19698
19707
412947
19766
281922
150858
19789
19794
19797
281952
413092
282027
282032
282045
413122
150981
544240
413182
282129
282147
20012
282158
20030
20044
398175
20090
20184
544483
63856
20245
151352
544728
20444
536969
309261
151658
413804
20611
282843
151777
149085
3461
282952
200080
283018
545209
20971
152084
545351
414499
414610
152488
152505
414733
283753
263760
283937
48737
152922
415206
546285
415277
153142
153159
134754
329230
22174
153321
546575
571696
153394
284507
415589
546703
440652
284686
415776
284732
571747
69311
284814
546959
22689
546981
415943
415946
547043
547052
546586
284964
22827
416048
22880
285059
416165
154083
47526
47550
416387
23219
416484
154373
287877
285477
547637
23429
547722
416651
416653
154530
271385
533258
278612
47667
319406
311784
178791
111842
304997
576931
528929
162319
200796
321394
140507
532719
47948
179031
446034
533512
578903
307432
463087
419332
451400
179153
416549
310317
266697
70014
553600
66381
402451
135683
395039
48339
572663
310588
332459
44600
572765
48478
23760
402505
4885
110089
189614
135982
54130
572958
529277
433097
267205
542213
70642
44671
136240
319644
442103
424404
579813
280377
450597
48974
311192
312050
398616
184389
324588
201886
307259
564153
311522
49382
180466
180488
202400
71376
162654
464605
372163
280437
399148
137072
530293
184520
319822
180853
168215
168218
430375
551735
561488
299351
168296
430480
315487
430532
430577
572998
561713
168506
561746
424607
299662
559908
299676
299723
299764
561913
37662
329831
332960
168833
168845
430994
431024
168943
37953
37955
169094
169134
162757
71908
431480
562596
300467
38380
431613
169494
188955
431885
312288
72002
563122
38840
443393
432138
28335
170040
568686
301160
554866
6531
432420
432432
404204
39261
432526
432527
432616
301558
563717
432683
170601
301730
170695
432884
574590
432897
301874
39777
433051
564183
302078
171017
399876
574645
171109
40100
433336
564448
302319
433392
564496
564627
463778
302595
433704
171585
564825
319961
40603
49363
171737
565149
565165
171950
61358
171967
171997
289682
40938
172197
316075
303330
41259
50568
172370
565625
41343
303548
41413
303650
533396
303658
303797
303822
172806
41740
434981
303964
303992
263265
180341
304088
41962
42122
566448
173288
400253
402945
173422
435575
304570
42429
173504
173506
173519
173520
435695
443999
304710
42570
304748
49429
566927
334787
435885
435951
173812
333127
197827
7129
567085
42818
567121
42849
42858
42860
173948
291140
173994
72690
436146
305085
305103
305175
50863
313009
436284
567357
43110
305256
43163
436394
567486
174274
567518
174357
567717
305585
567793
567827
436802
138347
567972
174766
568009
568076
43806
43809
132395
305980
160226
43856
51793
437093
437106
568187
306044
437139
175021
175072
269483
44093
306240
568403
175188
568420
568462
175252
568471
175284
306440
306456
568658
568808
568810
437753
175635
306718
306724
44594
568884
175671
568895
44644
531730
44670
175745
306820
306833
44729
437955
306890
437981
569062
437996
306967
438055
44901
438126
176000
438145
44954
44977
553633
7500
307148
569298
176086
45031
569322
45049
575490
438287
438297
307234
45124
438346
45146
438375
307315
307318
569511
569533
176324
569560
45284
176385
45337
438617
176483
569723
307652
32067
307671
176617
438769
45554
136819
307764
45624
438858
438864
45659
176736
569996
45770
307940
307970
176910
307999
439072
176938
439106
534000
177011
308086
45949
177022
570285
138741
308172
439262
439299
443319
177182
570416
570440
570460
416169
439465
570542
531998
177367
570601
46315
570628
308486
308496
570786
177571
46512
444659
177636
553896
46630
570945
439883
333258
311436
439939
46729
177807
308905
529665
177915
46852
571160
575792
177957
440157
571245
440182
178052
309144
309153
291827
440244
269983
178112
178116
571343
455481
158694
178279
309364
571554
309413
571563
440534
571648
440592
571750
178538
440695
178567
571805
178625
51620
49199
440820
47619
440844
572012
572036
309915
572061
440998
47813
572109
554104
441062
572145
47867
310013
532276
47942
47973
47981
441213
179095
310175
48032
179122
572348
572383
179188
572413
206735
48163
48189
310341
179278
48229
48261
48289
572586
441546
48334
441619
179520
153080
310660
572807
310673
572830
139166
572879
270247
48632
179724
572960
48685
310875
573065
48789
573107
442089
189304
73694
573248
311179
573360
49079
49080
311244
442322
442338
180197
49135
311366
442450
49240
442518
180436
442590
49460
442682
183007
573795
49508
442785
442786
198054
442811
311763
573949
270440
574116
443082
49884
180967
180970
312072
574236
574248
49988
50046
574370
73889
443342
50158
50178
312352
574497
181316
443505
443541
50340
443564
181422
401608
50372
574668
443601
459953
50410
443634
50429
453625
50470
574775
569069
423479
443759
574857
181711
574951
50686
443929
312867
181841
54065
181861
444014
181906
181941
444086
313020
50878
50913
181996
401711
313118
575284
8504
51045
444272
444274
467265
51101
8519
444350
313280
205131
51175
444404
313345
444445
313385
313388
423602
51260
182347
313432
324699
182384
183321
182444
313532
51396
10817
8571
313608
575756
182593
313673
575826
182620
182634
182639
444800
51606
143499
575949
51680
575980
313847
51706
51720
182793
444958
51750
182837
576063
313921
313923
182861
576089
182905
505477
182976
576204
51985
51989
314135
67199
401884
314164
336350
576322
508017
52069
52094
445351
445355
314285
576431
314288
314297
576445
183280
445425
574244
314462
445590
52394
314540
576689
30583
26536
445684
52472
576776
314645
445754
576883
576895
576896
576963
52729
183807
183829
445990
577079
52819
577125
52843
183923
52873
52897
577190
577207
184020
315094
315101
577246
446181
31777
52986
511276
577378
53095
315269
446351
184218
184275
576849
315381
249176
184371
315466
446557
53360
184463
446628
184493
53455
446688
577817
184626
577843
446783
315728
53587
315751
577907
446846
292928
49796
577953
53670
184751
53702
445857
315856
53720
184800
578023
446956
578030
576938
578055
53823
53825
316014
53913
447130
481326
578226
185025
316113
185080
54012
578307
447292
447330
447336
185243
185258
30879
447437
205648
447484
54282
467800
54314
54324
336734
185486
456191
54427
192400
185519
54479
556108
316677
54534
447767
447773
52784
185634
293090
578918
54642
447865
402326
54733
276789
316971
579136
185945
448161
54976
317131
533454
317149
31017
402392
74714
186148
317234
579404
579414
193333
448431
399010
186344
579571
186361
55298
55318
317500
577206
579680
162161
579758
186544
55517
448825
448826
317790
579947
55682
579999
55723
317873
318006
402527
318032
55902
449136
449171
449210
449220
56023
580396
580434
318333
180818
67127
56292
318444
580649
318506
187442
187447
449598
187502
9408
318598
580797
56510
318657
580851
187642
449808
449826
56616
449852
318783
449866
318811
318815
449914
416750
318857
318904
318906
450006
318937
187878
581096
318967
168151
318990
581136
318995
450110
56896
424553
319096
581256
319126
188085
32451
450275
447082
319260
450362
57169
581495
319359
188310
581539
450477
45552
319440
319451
188388
188390
417627
57375
188510
581732
319591
188545
450700
450704
188630
337277
450800
581884
57614
188702
450860
319818
188757
384
141586
188787
188815
450991
319943
319962
451058
57870
57885
451154
57940
320085
451169
320131
58021
189094
298721
577659
189187
58134
58149
451389
189274
320349
58239
58241
320429
320434
451513
451529
58325
189402
193299
320523
534417
189565
58497
58531
424821
184532
451840
451842
189701
58630
189706
555921
320904
400913
271941
320929
320947
307475
321006
321011
321030
321036
58929
59012
468588
321181
9846
315691
190255
452404
59230
452468
190334
452500
452502
272027
190387
452545
9895
452638
59489
190566
140992
59542
337621
452912
321849
290047
31822
190863
59821
190914
453070
190945
190991
190994
453140
293979
322101
453191
191093
10005
60081
191174
206627
442819
60167
453409
53725
191293
403253
403258
60285
403265
453512
453523
191417
556192
322507
453582
191439
322518
191468
62929
60457
453676
453682
453689
322662
176596
453767
206700
322698
191632
191651
60604
322755
163506
322790
453968
97507
60771
453989
322934
191912
322990
454072
191931
60874
191957
534440
454158
454162
172246
534448
192043
336047
60979
323127
75708
454282
45680
61125
61138
577940
61196
61219
323389
61260
438492
192345
61293
272365
61328
447224
569433
323599
454692
454708
192566
61498
10265
61598
61599
323746
534555
32603
323791
454928
192795
192812
61809
455037
61822
61844
192982
455302
455313
193171
324252
455342
62127
324310
193254
455400
455424
324365
324366
62226
62245
193327
324400
455533
455536
193398
455543
455585
447302
229033
455665
455672
193529
324603
62472
556643
163331
455717
62547
62557
455776
62574
193664
272578
62613
62619
71122
141519
193781
359977
309086
65012
442977
62759
324904
324909
62770
324915
193879
193902
54163
62844
193954
32646
54178
194027
194050
194067
172316
63081
456322
194200
316363
325371
268341
325387
63248
63263
63307
63334
325494
325495
194448
185326
325532
325555
63418
456637
325583
63476
456696
456699
194600
456753
325693
141668
272741
194663
194664
456819
194677
573873
194800
63745
456975
456987
194909
194911
63879
194968
63900
63949
54351
163617
195058
326161
457235
457268
457286
64071
469431
195153
195163
195180
64114
457387
326350
457437
457448
54402
195352
316557
326531
326569
457659
67615
64501
64557
326719
457796
457797
457800
64612
326757
326832
457926
64730
457962
64750
290215
64795
195880
458085
64893
64897
458132
64933
316657
529409
327131
196063
458208
458212
327153
458232
65029
196104
458281
327215
327217
458309
327262
272997
423966
196197
458361
196226
65162
578841
65206
458475
327421
458502
196365
327462
196418
458596
196473
327573
458646
327579
65440
163828
394113
196558
65500
294912
65554
327717
10929
327726
458827
65632
196723
327810
327813
327818
196747
535234
458898
403723
196785
469708
285883
65753
458984
327913
459006
426040
65880
459111
65898
65900
197001
426052
65955
32845
66003
66028
66054
328203
328217
459319
459328
66124
295015
328318
197270
328346
66283
66328
185819
66345
459569
66366
328522
328574
459653
328605
66466
76615
316914
459697
328628
66487
66507
197584
197585
197605
328699
333920
459821
66669
197780
459943
197807
469878
11129
197854
66785
329563
460039
328978
469893
197951
491753
460168
460234
67023
329239
460326
67116
133119
329343
56313
460441
460448
329394
133175
67259
198363
198383
273363
534662
448130
198423
457207
198441
468836
67440
329592
460665
460673
329613
460722
329654
329660
329664
198610
67548
67571
329762
67644
329797
329817
198762
460937
460938
67729
461027
141923
67847
198923
67871
461118
199021
67982
504115
461221
186099
330181
68047
199134
461281
461286
55039
339031
330292
399441
330315
199256
330341
461434
68252
461484
461535
461543
68335
330498
199487
330598
24103
68581
186198
461836
395092
461868
199739
408187
330824
68685
68688
461908
68751
403826
68797
462027
462040
552222
462075
331023
68912
200001
331133
200103
331186
462283
331229
535811
120145
572209
462401
69188
69314
462579
200464
492166
69458
331613
331616
535871
331702
200671
462944
462998
463060
331992
463101
69929
69934
201018
463204
332133
201076
201078
332203
70092
332239
463330
463354
201236
186461
201284
70297
463567
201488
201501
164663
70490
201607
426845
463924
11794
332925
339489
333081
398514
464214
464237
71310
71313
333461
333575
542514
264091
470663
202567
464736
295916
333724
333891
333895
333984
334103
465196
72016
186791
334338
55733
203344
571780
203495
72442
334588
72454
296067
547979
334645
552346
165018
72650
334872
57708
451969
72859
72923
204024
466261
204170
335289
335321
73190
204275
335359
286132
466447
466499
335434
335524
466703
466723
204657
204735
335824
443272
467038
335984
336003
336079
73941
73951
467193
205055
73996
205086
336162
205093
467245
467246
336231
74090
74183
336374
336397
205384
336474
558523
74340
336494
404015
336696
74599
205769
336861
142153
336935
337047
337079
63121
75080
206221
75199
75331
75359
337552
337607
206644
75581
468825
206697
206704
75637
206741
206817
337902
206858
143711
206912
75866
75871
338087
207048
187435
76101
469330
469363
34539
338316
338439
469650
437831
207584
76584
207668
207703
207734
207749
207761
207764
469913
338866
470078
76937
208095
470254
470305
318733
470354
208333
208365
339501
339543
208586
339940
449873
77834
471132
22799
471330
209386
203380
471762
166047
56859
319045
578770
50695
406659
536498
268909
358438
275922
403040
284246
538273
443618
477494
429131
450878
158567
495171
87450
349777
480990
349934
350070
473425
538977
219254
350327
88270
481586
219535
320609
350837
351004
351061
351239
320685
482332
325943
14864
323091
482464
220518
89462
89518
89652
342639
351979
14985
167908
15011
352213
90237
471966
90258
352561
277218
221654
221663
484108
484324
190013
484899
91696
91705
37186
92122
92216
92420
182027
321262
354771
354846
355111
486193
294787
221335
486606
486620
224596
355717
486947
531252
357088
95018
357429
95501
488990
357971
489263
489409
358466
358534
489617
96414
169003
96660
59816
96877
490347
228209
490361
570629
81787
409510
491001
491269
229127
308783
491337
491426
360399
15843
98785
230889
361994
100140
362419
362465
494128
232311
232420
542745
232546
563062
101646
494959
494968
102225
233539
102599
102787
458957
313313
344880
454219
279457
323149
497821
235912
235994
148655
8305
279749
105761
105987
368763
401846
367372
369358
136015
86526
502140
502543
371598
109560
372130
503227
62029
241126
372443
367952
110693
504006
504178
504211
111045
111048
542799
337038
111121
521004
242606
504951
111799
111967
433723
237129
374395
106107
112358
374553
374595
505768
177948
505825
374873
499469
558066
375529
215511
193682
506735
455879
376523
114657
114705
543411
245839
40995
508177
246184
377342
462114
246384
246412
41079
377666
150331
377901
509030
55764
116026
509255
543642
247422
378521
247475
378588
378778
106878
510211
379539
510680
172506
510771
510813
379743
369140
510919
379853
117770
248928
265796
511127
117993
118019
511346
249251
380591
249531
511786
456705
381025
119057
250250
250360
381509
119370
369433
381619
250557
512702
119494
575163
544220
512829
381766
381788
381837
250800
381923
381931
63681
136971
119994
544291
513456
566175
513522
120329
513551
120407
382643
120541
382695
63812
268785
252093
65139
238654
230991
453586
121666
252883
543480
121949
384140
384269
515572
406756
142225
122724
384924
384998
516261
254199
123214
385445
123674
254797
282803
517198
386250
386474
255519
124652
255800
508915
151915
567199
125468
523354
528941
95850
388449
414279
519795
257666
257683
283263
126751
389048
258160
218113
296675
127994
14835
501947
521382
390513
521923
128732
218121
101243
260407
39225
305569
523026
174574
261202
480451
305693
152789
458637
523753
240243
261902
524118
546130
