458763
423362
160615
43774
407434
753
262901
131833
262909
131840
393985
525075
262932
795
797
394019
262952
813
525104
262965
262967
825
393354
262976
262979
262984
131915
131918
394065
263002
449574
525163
525168
525169
882
263031
394104
263042
131978
394126
913
157153
394139
525212
925
934
394151
263084
132015
132019
263094
955
525248
525249
394180
263111
263112
394185
525266
982
984
263135
394208
394209
996
525285
263147
1006
525299
1025
132102
132104
132106
471405
437102
554341
306080
444315
342353
1943
395171
1966
395216
30619
133110
153267
395318
526403
2184
65905
395473
133331
395520
139679
209574
133410
142298
264511
2369
2402
526697
133492
526729
264591
395673
133532
2470
183392
264636
526781
395716
395718
133576
133580
197029
2536
2543
395768
2563
133641
133654
526898
2614
395851
395853
526953
133739
526957
2686
131522
306288
527010
405991
264884
262603
54225
133850
396030
264959
264982
396084
340528
265023
396116
2931
265076
134007
134008
265084
396159
396165
2951
527243
265100
134032
134033
265106
396179
134037
134039
396186
265115
396188
396194
134053
2982
2983
265128
265134
265139
396212
396213
2998
134071
3000
527291
134079
134081
527299
396228
265158
265160
265168
527314
134100
265173
134111
265184
396257
265186
3048
153426
527344
415571
265207
134137
265211
396287
527364
3077
396294
396296
524802
265233
265236
134165
134169
527388
134176
546651
134188
396337
265267
3131
265277
396362
396366
265297
527446
3160
396380
527453
524816
134242
265316
262673
3178
265327
396400
265329
527477
134268
134271
265344
396420
396421
265356
134286
265361
3220
527509
3224
527520
134306
134309
265382
3242
396460
3249
134325
265398
134327
134334
3264
527554
134339
527557
3270
134344
527562
524834
396494
527571
467113
527584
527587
265444
265446
265449
134378
265451
265453
265454
396528
3314
134389
3320
3321
3325
527615
527618
396550
527623
527624
527628
3348
527637
527643
396572
396574
3366
3375
395284
153481
3386
265532
3389
396611
3398
527689
134474
134475
396623
265553
396626
3412
134486
396636
396638
527717
134502
396661
396663
134520
3457
527748
396677
134538
3474
265619
134548
396696
3481
396703
134562
3493
265645
527796
396725
3511
3517
3518
265663
3521
396741
527816
3532
134605
3535
546723
527830
134620
134622
134624
396770
265701
396775
265709
134639
134640
265713
527858
134644
527865
265744
3613
396858
527972
265839
134779
528018
134819
265896
445306
396977
396984
437542
528119
134907
265982
528127
528148
187803
528161
266038
397181
135038
135041
397210
397213
436585
133384
528321
580620
175459
65610
459466
306569
413784
563178
131858
394021
306661
131913
568848
394165
263101
318646
175743
177381
569037
44774
407687
572084
445411
145820
438071
74431
393724
345040
275211
310131
44569
307125
40205
176084
139930
409443
460115
301431
401589
401622
1403
307242
45101
310163
12930
139571
139572
139604
8536
139645
8592
8593
270812
532958
132517
532967
401917
270846
270871
401946
8734
8746
270898
401981
8776
8786
402004
402020
8813
8848
139952
8892
445477
271038
139970
8920
271079
402183
406199
402199
402207
8998
8999
402219
9017
9038
140114
416570
271214
271254
9195
271351
140304
140340
4673
271416
402542
533619
140438
402603
271574
132646
533826
45282
23440
134490
394814
274801
271747
533898
140693
64
271789
9677
140762
525904
533989
9712
9725
534024
9768
140866
284021
9833
534166
403133
9919
140999
272072
403162
272100
403194
9983
534284
154585
272157
534318
10037
10046
462974
272217
141166
403317
403335
272269
534419
10136
272297
403374
10161
141236
403423
403424
419334
1706
403463
272426
141366
272441
403518
141386
141400
403553
272510
403593
534686
141496
577928
534722
141510
534735
428071
403692
10478
272632
403718
534808
403747
10547
13969
10581
534900
10614
534914
141702
534925
272785
403868
10655
141741
141756
10689
403913
141785
403936
10727
10728
535033
395007
535037
535046
403982
154713
161846
10787
404005
535126
10856
273029
176580
273053
535202
404131
141993
273082
535229
10948
404172
273103
10964
535265
535276
10991
535289
142088
11029
404254
535327
535335
404271
142130
198451
404292
535369
273268
404350
404361
11147
273294
11168
11196
142269
142276
273358
142295
273369
273371
404475
273407
11265
67415
11282
142413
535649
404578
404579
535666
526187
535688
11403
142481
404629
273591
142532
142565
535786
11504
273658
142589
11527
168546
404753
438835
273729
404823
535898
535917
535928
11643
142733
273808
273840
536010
11726
142806
133030
536039
404981
536058
536067
404996
404997
536127
405060
11849
187752
405088
536167
536179
142970
274085
143017
274116
405207
405225
143096
274170
536317
536322
405264
274195
274203
405278
569989
302103
12073
274224
143171
12103
12107
274254
286009
274271
536417
198631
12146
536437
405376
12169
536462
536474
536509
536535
405473
143334
536553
12281
405499
536575
405515
12307
536609
405541
405543
536619
405563
12349
274499
405579
405606
405613
143470
274556
12422
12428
12429
23917
143510
12472
143553
12484
12488
274633
12490
405709
419410
143578
405729
405747
143607
143621
274697
405777
12612
274759
405838
274784
563444
536935
405864
536939
143736
536977
143764
12698
12704
537002
405934
143800
274888
133196
274897
405995
405997
12803
406073
55951
214290
4794
406121
343135
537220
537222
537235
537248
144079
406230
13045
537337
444392
406282
144139
400410
406296
537371
13121
13129
13144
155108
537444
406375
537461
144246
275339
406420
144280
537532
144322
275413
13283
13284
144358
406518
406530
144388
144431
144436
406628
460991
537774
144560
406710
144582
406739
406753
406755
133329
275708
13568
395480
13603
13650
528562
144747
13678
144760
2284
13720
13722
13731
144812
144817
275900
275961
538108
407037
538116
275982
538149
407091
13916
538209
407139
276069
276077
538223
538235
13949
407173
538270
407221
145087
276162
14036
538336
145139
145140
276218
407301
276244
145180
538398
145186
145189
407346
538422
14138
276295
407400
145262
14203
14219
538537
538544
538547
145337
407482
538566
145351
538574
538580
538588
145381
538609
271077
177150
14329
407550
276491
538640
276516
538691
407626
14412
538701
407634
407651
320045
538735
407685
145553
538779
407734
276664
538832
407779
177193
407808
276794
14676
538973
419483
539026
407958
407959
407963
14764
145845
539071
14791
14804
14812
276961
276972
145911
14855
145999
146015
539233
277096
408177
277122
14988
539297
277156
408252
539335
146121
15073
539372
146169
146186
286511
133594
277284
146215
146219
15151
146226
15156
539475
439439
408425
450052
408431
15219
15239
15266
277427
539573
277435
539589
277449
539596
264699
277481
439463
46250
539647
15374
146449
277529
539682
539710
539737
277616
146561
146584
192931
539820
2591
146620
277700
539851
408795
408829
15617
408838
539915
266756
146711
2608
277821
15678
146760
277857
408946
330311
155549
15794
540100
540103
540122
146907
439546
277990
277998
15859
146933
540162
409091
409092
409097
278029
409102
146972
15906
146988
540211
15930
278078
409194
540270
147060
147073
147092
147103
16037
540342
16072
278219
278230
16101
278258
147187
16125
147216
409367
409375
16173
540496
16246
540567
16283
540586
16322
147506
308575
147553
540795
16525
278714
278737
409834
2770
278796
52929
147856
541109
541157
16870
410109
279089
24672
410190
279122
541293
17065
17076
148208
533042
17153
279320
541505
148343
279450
148415
445759
199502
541677
17429
279578
541771
410779
541964
68482
148773
542060
148858
279939
308803
567982
396193
542174
542186
411178
47256
527283
280176
18041
177775
18078
149204
149320
280442
542591
280508
542685
201382
18466
3080
581097
18564
280731
149668
18723
68657
563647
411962
280926
543200
281060
18938
150017
18952
412187
281194
265324
543494
150300
543520
543534
150324
412518
412555
150442
527518
281578
314893
150594
543814
412755
543838
543869
543877
281764
543922
19695
281846
5021
544018
66127
281961
19818
19941
413164
413198
546232
571318
282186
20046
9398
29356
20145
20146
151307
20253
527666
13770
413541
544615
572430
282523
20384
544717
413665
413716
20513
282661
68956
20528
544831
462191
140352
396660
441507
282946
151892
134543
151900
414045
545126
20839
545135
545160
151959
151975
414130
20929
545260
545263
152079
414244
134586
414314
152209
545428
437156
21181
21223
527832
21281
527844
414747
578002
265745
527891
545944
152742
152788
533197
21801
21868
571628
21915
21968
22086
284256
331370
284297
309531
153368
22340
546655
22447
571721
415694
415697
153585
134835
449693
47481
265957
440735
462589
285397
69428
440822
533255
154616
572536
402569
199577
271435
405931
555133
69745
265531
48863
555156
157238
315111
271466
271157
397593
186103
157491
441313
201039
571627
333626
446231
393709
332270
581419
28320
446126
445565
269915
448533
140623
306475
265544
402507
310807
292157
524736
572978
533542
276037
30387
142485
179961
216682
332773
572826
30983
203601
332853
463953
181771
179990
48937
345864
49053
180141
337147
202066
435620
145129
53479
311383
306632
426829
137788
448504
333376
53514
49408
442638
427692
573764
180606
297279
84096
428485
464634
297495
315428
459463
442878
333653
565004
433288
84128
564228
167346
49746
333739
403521
568599
311933
311988
49851
574140
299205
37063
430281
168173
561453
561464
37177
299325
312032
37198
37244
37246
37282
168356
299466
561616
561624
14337
430624
168500
6241
299643
299675
299714
561891
561894
299765
430889
159199
561988
49974
37708
430940
562014
137365
319868
299930
546824
562123
37843
37862
162584
37931
562248
9993
169047
300159
562335
562341
300239
562394
533019
562474
562495
562504
169318
300396
38266
562559
300439
300444
562602
300470
44922
300514
300542
169480
399618
562740
300598
159331
300629
552549
562830
562835
268569
169638
431793
562904
38652
169732
300806
562973
431922
38718
169794
300868
38730
431948
431977
465213
300928
290457
563098
563170
421542
432153
203098
312329
301147
286537
443410
334184
563355
86677
39099
39138
39203
432424
563513
170308
432486
563676
443479
563743
39456
301631
328654
563803
170623
6595
39643
39654
563985
563987
432956
39758
432997
564099
433055
39846
302019
302065
564235
308399
312494
564267
433217
433221
171081
433236
78614
442150
302217
302230
40130
302278
433389
564361
302354
433446
40248
302399
302415
181475
171353
433536
40338
171453
433607
564681
574735
40551
421825
444010
14446
564966
302855
40830
434053
40844
303041
303076
172040
40988
41027
172121
6842
172135
41074
41123
41152
448944
565564
303431
565594
565595
172387
434539
303519
303537
41398
573132
94300
434753
565830
303703
303708
172680
565918
41645
303804
312786
109390
41730
41737
41831
72729
435098
172987
304078
435152
304125
42042
435267
42109
173185
577520
337472
566489
42209
173284
304385
435492
42277
566575
42320
304523
566668
524819
42427
304587
304608
42513
42585
50791
566897
173684
181867
304777
48066
304789
435882
435886
566973
435920
567008
42725
42731
42751
444033
304909
42808
436117
173978
305082
436161
317792
174026
436185
174048
567288
567342
289492
567389
436321
529544
43251
436479
436504
43291
305445
567706
313071
305564
567721
184763
29090
436717
174623
305702
436780
72800
174735
174749
174751
305826
174773
43739
313129
174876
174889
174892
568113
568116
305975
43876
306031
174967
306047
568240
444233
306113
437282
44080
437318
568396
306275
531645
531646
44178
175270
44204
306359
537127
437467
175353
568572
44337
306557
568731
550222
313254
553554
80044
72961
306703
306705
306758
306791
568962
568963
44682
437904
437944
569024
175855
138536
569088
175881
44827
569148
291466
44878
307025
307039
569223
176038
307113
176113
307190
275263
438314
569389
307249
472870
569401
438349
307278
45153
307299
569449
45183
438422
438448
45237
569530
176321
71339
307502
45422
569769
438701
569775
176568
45526
569823
438762
307751
30855
307759
569919
51302
438899
176769
569987
438922
570015
570019
570037
307894
313465
439003
45808
176945
176955
439117
439118
308047
176996
46014
177090
439241
46029
530085
570333
439303
439325
503456
46142
570436
308297
177245
177254
570474
46223
202307
570518
177314
51737
177325
570545
439479
308432
570608
570620
308488
570656
177472
160653
46419
308608
46492
46524
439758
51454
570870
570876
570938
570951
570968
132493
29642
46809
46818
177917
177974
571244
466580
309139
46997
440285
47074
178152
440313
571405
178198
309285
309292
178221
440372
571451
440381
47213
47235
451119
309406
47288
47290
7890
440614
47507
440738
571825
571885
47652
309797
47680
178770
440938
178821
572110
441058
310061
47928
47944
572307
441241
441325
179203
48134
572441
310300
441419
572500
310376
572565
160967
576030
272626
310562
572756
179551
310665
310714
48573
182863
179696
572993
154680
48707
48711
179814
310897
573044
573063
441992
442001
292135
442099
48895
442125
442197
180055
139237
180067
442218
180087
306627
311174
442249
49037
573337
311208
442298
311238
180169
49128
311301
180239
573476
163125
442443
311408
442489
49286
573576
49312
49321
442557
442612
311561
311566
573786
180593
204867
180670
311771
312828
267889
311818
311827
180778
573997
442926
315902
574076
443018
49860
443084
443094
139386
443136
414959
312076
574232
181122
181125
199354
181156
579065
574420
181208
312282
181217
443373
574460
443397
443405
312346
554502
312359
312368
312379
574538
443490
443496
576702
312435
443545
312476
292923
443575
141342
574667
50405
443635
574760
443701
312671
574818
50536
181628
467182
50636
445346
443875
50667
312826
574971
205059
443937
50735
312896
181828
312907
575055
52153
181850
181851
50794
50806
181885
315938
181922
312997
313002
52179
575228
50945
182019
444171
50961
51012
575307
182096
51047
575361
444339
51124
444344
313285
423586
51152
444399
8531
444409
575498
575535
444470
51268
313434
139625
556279
444546
182406
444591
554698
8568
575711
182505
575733
313605
575751
313653
444744
182612
51555
139665
313705
444794
182673
51618
30449
575938
313798
444916
313861
444941
182821
554759
576047
51763
313946
313951
182897
416356
576155
51894
445111
270796
182997
445143
576225
51941
576233
314167
560391
52038
314204
183171
576389
445338
52131
314277
183212
183218
52151
180682
314306
183237
576457
445395
576676
532988
314392
554842
183342
314447
52324
445573
576678
52433
576732
52448
166200
52497
445777
445784
314714
183653
314734
576905
52619
183692
445679
52650
314822
314837
314849
183788
52756
577052
314915
314929
55344
394565
314951
577122
183910
183913
52844
577140
446088
183972
446141
183585
577225
52956
52979
184052
315174
53037
446266
315200
53091
184184
53136
161777
315314
446391
315374
441168
53236
315393
446471
315411
446494
446506
577592
53351
53361
315517
577718
577738
446670
577762
184547
271057
184589
546791
184664
577884
184669
53608
184684
446834
315768
54160
53643
446884
315813
53722
53752
578041
53756
184835
184843
578063
53793
184903
53842
315994
184930
53864
163281
578171
316061
447151
53939
447170
447179
578261
167649
53989
578294
316170
185108
54052
447278
9012
54083
185168
578387
74555
54124
271167
447363
316293
185234
533316
30875
185262
185265
316343
578497
185296
54244
317458
447574
54363
447588
54375
185467
185474
447639
183836
447678
451359
447709
578805
316663
54521
447741
316671
54563
205703
578866
316727
316746
447834
447863
316826
54692
447913
316855
579029
185820
579042
185834
579051
316937
185866
54805
54806
448034
448077
579165
317022
579188
74686
185983
54918
185991
249455
54943
336839
448172
54957
579299
71664
579312
55033
186108
579332
186131
317216
186145
317227
176415
317237
186193
55128
55130
448409
186266
186268
55202
186280
55221
186336
55276
55285
448509
448529
186405
448558
448574
186438
579663
55385
448613
55419
317573
579725
55445
448662
579736
579739
186525
55468
186550
186563
55493
118477
448732
579807
186614
317688
55578
55580
317728
448801
194289
55607
154610
317764
55627
186703
448851
140347
186729
317806
579968
55683
579998
580000
580026
317896
140365
317905
580057
186880
271447
580137
55860
186933
186952
580172
227769
449154
318088
580264
449197
415235
56007
184099
449238
187099
318183
580344
187153
318245
318251
49878
56116
580408
449347
449350
449373
580446
318306
318311
442687
449394
318328
446271
449414
187282
580505
580538
187336
56266
449484
187354
56287
449504
56289
31230
187400
580629
580631
318509
187465
449610
187483
318556
318562
187518
140481
573632
187541
56480
580781
318638
187576
318672
580827
56550
449776
449781
318741
577413
56608
580974
581042
445556
315297
56784
187868
49902
56849
450136
23718
577484
581396
424582
564926
319339
450426
450434
57340
188474
162488
188515
581739
533941
57498
319795
188725
450914
57739
188826
319907
320008
57871
57892
577637
533949
320159
451240
189127
451283
451353
320282
189212
189280
159061
320382
32491
451482
58268
320436
58405
140817
451690
451707
534048
468692
189656
451818
320563
58658
451922
184555
189838
320957
189922
189993
58951
452168
59024
59042
452272
59075
190216
359868
321539
59526
452782
324958
190667
394793
452905
556086
59736
190831
452982
250261
453010
321942
321960
140935
322002
322008
59868
534266
228435
191016
59972
453366
53716
578005
322376
322395
322411
311890
272218
322710
60602
322769
322771
322847
191805
315973
323008
323054
191997
426585
323114
323133
454210
323267
323311
323322
22230
192322
192436
61377
323558
454631
192524
454690
323626
32095
192655
61587
337953
454857
61674
192835
141372
206913
324032
455136
193047
403547
548088
62046
62053
193148
198405
537198
62128
62132
455444
455463
324415
62336
62350
578375
193452
455674
324611
455691
10414
193578
312041
324732
578411
324764
193759
455912
62716
62740
62763
193855
456003
447374
193892
456076
193986
456251
456350
194235
63166
194248
194262
412371
316353
456608
76103
63408
194538
10579
194564
63495
325685
194616
63572
456790
325783
119837
194820
216742
63797
578619
556775
194974
326080
63938
457162
64054
195188
457342
64149
457384
195296
457481
326414
195343
360031
64308
578702
447633
326570
457660
457678
195599
195650
54464
64704
458022
458057
458124
8781
458204
316669
458230
327178
196108
196111
327198
65144
65153
285864
578843
196307
65280
404101
196393
458592
458610
327576
152320
420300
458748
404140
327694
65586
65587
65601
196748
65685
557081
327843
327876
196851
65781
65793
45836
196888
197036
65986
197069
328185
66056
328214
197221
290262
399378
24030
197408
98439
459670
197561
306830
197583
447994
459793
66695
217893
328883
328902
460052
66853
66859
66883
460100
460148
460186
274536
66995
329141
329179
460287
67077
404406
67155
185963
329350
460484
67297
198375
23134
329502
460578
329566
460643
198607
67565
460916
141920
67779
54989
67798
329948
473462
67974
67988
330164
68028
68032
199151
461340
461350
543470
461389
68206
33215
68223
199318
461530
55090
68403
330562
68444
330607
330621
461701
330652
330701
199639
68637
330785
330807
68697
68700
68788
199913
199960
462185
69003
200132
200133
470267
33361
331249
331266
200195
200213
200221
331302
142497
331334
462445
200315
462488
577447
69286
69321
448471
462604
331544
331577
331588
181260
69564
535891
393268
200794
33471
69816
200922
332020
332069
332072
463157
332158
70033
332217
70159
201249
201252
11701
332417
201406
578459
463571
201530
463680
463696
201599
332690
332691
70557
201675
70718
201839
332976
70952
333207
333247
333302
333335
71222
464443
464447
464498
71295
464558
71347
202532
339595
71608
464839
464859
464902
536237
202782
186719
465027
202888
421387
203036
203040
203112
339690
425758
465294
203206
203273
203304
465476
143123
465530
203486
203492
72435
448985
72531
203612
465779
334736
203710
208718
72664
334858
55818
334916
466001
203859
72892
72906
335076
54803
335107
204052
536458
466243
466262
132294
466288
281763
55874
73159
335351
73226
335376
335385
565462
73310
204384
335459
466536
335492
466624
204489
456356
466680
204542
466710
73511
204603
204612
335722
204680
2451
73686
335914
73782
204863
73808
467032
271112
395269
467262
2466
74082
467334
336310
74201
74232
296367
336457
318223
576608
56104
24305
74590
74624
63588
336783
467927
205794
336887
205898
336981
336984
205916
209092
74927
74996
206118
85427
468422
536823
468529
206405
206427
515006
337528
468615
337585
79603
468742
560152
337691
143664
75628
206731
206749
337882
468956
468966
75829
75846
206937
5862
469124
206998
427726
207077
469237
469248
469265
76100
338265
449599
338321
207250
469435
449613
469495
143789
194581
552472
207467
207479
469661
209132
469754
469779
469786
76589
470025
2559
33111
339051
470196
76988
208082
339211
339228
208164
77095
339248
77121
339295
208295
470485
427943
208379
318726
34739
470588
339521
339597
77472
470718
470722
50591
78457
470798
144007
208712
208754
54961
339849
339938
208882
340065
471156
340102
12996
471279
340238
187785
315637
209288
343570
340440
340501
78407
340561
471658
209531
471680
471697
340684
471788
78642
471945
37539
471992
537422
209918
209920
472097
341060
78923
341070
341218
472312
295057
210189
341275
570457
297181
79193
79262
472495
210395
210416
472581
443460
341596
210672
210680
79611
472842
79667
472900
297273
341886
407575
341905
473003
79792
79808
473082
79873
79887
79901
342109
342160
251442
342174
347462
211110
473261
535137
80082
211201
211216
473391
80180
211272
80207
473508
211485
559560
80562
342709
581409
166370
80720
211806
80742
473972
80821
155914
537761
13482
275630
80950
81031
581486
343225
343349
212326
212381
81372
474601
81479
68183
81567
474822
81654
81704
343863
81721
474941
475001
212877
343969
344065
344073
213003
581637
213048
404270
213219
82198
82212
475485
82273
213535
82287
82301
240802
213389
428787
247157
450653
213554
82511
475743
344726
213970
168607
475978
338363
345019
213997
214024
476191
345145
469768
345194
83147
83159
214252
345357
57560
476515
476553
90067
476607
476685
83519
476738
214705
476852
214724
83654
83663
345870
83879
477137
215033
83972
346121
346132
346160
477258
215162
477374
346351
84214
166972
28995
276200
215421
477605
215546
215569
215587
215657
276247
84651
346823
215844
346924
478115
216042
469034
84996
216098
478306
216206
85143
478376
347312
478609
85403
216507
347649
478778
216694
347796
478885
347884
216925
85856
85893
348046
85939
217043
479234
348221
552796
210956
14366
348364
348368
86243
36221
94527
560525
348597
348609
348616
217591
348751
86987
217720
479935
145526
217855
86790
480014
86820
348966
86832
86864
560614
254787
557191
80040
349212
218179
419980
349313
349322
480443
385913
189307
480487
87382
87458
218579
473345
342279
480831
87652
218807
350028
87901
218985
350059
350061
350063
481144
307552
481407
342417
219680
481851
298777
88759
482251
220250
89187
89259
351494
220471
89703
89788
483047
220942
89943
36841
90139
221216
309695
352412
308524
483795
484033
189915
539476
452167
353803
91681
353919
485002
430405
485890
354827
223790
223988
146611
93535
342126
93683
355950
93838
356147
356153
356213
487361
225265
94459
15809
95418
357649
278086
59648
489203
358625
227558
96526
96628
358781
96690
132453
490312
359537
97795
228943
491111
98145
491525
360579
230007
475245
230070
396105
493197
100022
55707
431775
493504
100448
231614
362796
100781
60519
363145
232118
453762
494780
101690
363869
233040
578169
233146
265273
541319
102220
364455
496160
170323
104809
518509
169352
367065
432604
339575
499829
214395
301783
367337
500515
280297
480820
359081
240339
502606
371702
240662
371791
371927
371950
371960
503036
109823
248091
265557
241945
242047
242167
111131
504748
396166
575469
504907
505421
314993
112720
29559
433921
506808
506910
368490
565115
19093
172012
507952
114807
318071
114917
368729
115365
435930
154399
115518
578950
378077
378189
247167
143929
200280
116502
281567
116588
378907
247849
510246
510371
422897
248446
248478
478328
117677
117721
248833
248839
117839
117958
117991
380182
380248
380271
118140
511495
511522
380477
511580
369253
369256
118471
250165
250225
119195
512547
117455
119543
512845
381810
250827
478712
250903
513108
299665
513299
251408
382514
513616
382558
30203
466656
120811
382979
121101
514424
252381
252457
383580
383660
252787
121873
515102
384235
384261
253513
20421
384675
384826
122688
384857
122964
385313
123193
516432
516487
254420
566704
400613
124067
386253
124841
566969
256877
126059
519489
314093
257620
126642
130337
126687
388947
126808
126894
258020
389669
466890
567421
258950
127921
545611
52270
521218
458184
403558
259338
259354
128299
545675
521620
390581
571665
152677
87000
128929
260029
69768
129201
129257
21544
129725
174667
567893
261664
253131
261956
261990
502422
393108
144027
393176
131044
