262145
131074
131075
393221
393223
393224
524297
393227
393228
262146
393230
262159
524291
131093
524311
25
393242
131099
262172
524317
30
524320
34
131107
262180
524325
262184
524331
131118
262191
49
524338
524340
131126
9
131128
262201
61
524352
393286
71
72
131084
393290
393291
393292
262221
393294
393297
288061
86
524375
131160
89
393306
131087
94
262239
524386
131172
524389
131174
109
110
113
262260
262261
524406
131197
22696
127
262273
524420
131208
284012
138
131211
524428
262286
131215
144
393362
151
131225
154
262299
524314
393375
393379
262308
165
415089
393384
393386
131245
131101
393394
524467
393396
524470
524471
262329
524476
262336
194
393412
524486
201
393418
393419
131277
393422
131279
393251
524500
262359
393432
524508
393438
262369
393442
131299
131300
393445
524518
524522
524525
131312
524531
262389
247
393464
262393
250
131323
262399
131330
524547
260
524551
393480
131339
524557
393486
262415
393488
393489
262418
393493
131351
131352
393503
131364
131366
262442
131374
131376
524594
307
308
262454
312
315
131388
393534
262463
262465
322
524613
326
393544
393546
332
262477
524623
524625
524628
21902
131415
131419
262492
349
4376
262495
131427
524645
524646
393576
393577
131434
524651
262508
131133
368
370
524661
524662
262519
393592
393593
131450
262207
382
262528
393601
393602
131460
524677
393607
393608
131465
394
131467
262541
131470
262544
393617
524690
404
262549
262550
524695
262552
262554
393629
393630
131487
262561
393634
524709
524710
393641
131498
524718
431
393649
524723
436
131509
438
131511
393656
524730
443
262588
393661
446
393664
450
131524
262599
393675
131533
131534
77
393680
393685
393686
471
131547
524766
262623
393696
393699
26190
524369
490
393707
131564
131565
393714
131572
524790
393719
393721
131579
508
546218
510
393730
131589
262662
393735
393738
393303
262670
393744
529
531
532
524377
305924
262683
540
131613
542
262688
262690
262691
262692
131621
524838
92
560
262705
562
262707
262238
262710
284084
262715
572
262718
575
524866
393795
262724
581
262727
584
524877
131665
131666
595
597
407434
284089
131674
262747
262748
605
131678
393317
524897
393826
262756
524905
620
524909
131696
625
262770
524916
629
131703
634
393852
524925
393854
524927
524929
262786
643
524935
131721
650
393867
546242
393325
656
524946
131731
131735
524956
670
393887
673
131747
524965
524966
393896
681
684
524975
393905
690
131763
131764
393909
524983
524984
524404
393915
262845
524991
262848
706
262851
393924
131190
131784
21964
714
716
723
393950
735
393954
262884
754
762
790
262954
262962
394036
131894
394043
262285
853
131927
480741
263008
394100
525179
263041
902
263047
131976
132002
263098
394172
394175
394186
525264
525265
394211
394214
22012
132077
132081
525300
525303
394234
132094
132099
1036
394269
394271
394276
263212
132147
263229
132165
1099
394325
394326
132188
263261
393403
132196
263271
263276
394349
525424
263281
1144
262335
525443
263302
525450
263311
263328
394404
1213
263358
22048
132313
525533
394476
263405
263407
525555
393428
263418
525572
263446
263456
263462
394546
394560
263493
394572
394580
263515
525668
394600
1386
525675
524520
394620
525709
263574
525721
132516
132520
132529
132538
262752
263618
394697
1507
1510
132585
415314
1522
394756
263685
394759
132617
394766
263699
263710
263714
525865
394794
525876
263734
349791
132668
132669
394817
525898
1622
132698
263784
524563
394880
132750
1688
132768
1697
524572
132793
394942
263878
132816
263896
1756
263901
1771
144088
263924
1786
526085
526087
131373
1813
395030
1822
22149
132902
309
264005
1864
264016
264018
526165
395101
264033
1895
132973
1902
1906
532535
264058
132997
395142
526227
1947
264092
1958
526247
423424
395192
395198
133063
133071
2007
395225
264165
133114
395292
2083
264236
2093
264244
395321
133183
153270
133194
395339
526432
526433
133229
264304
264320
264340
2197
133281
395426
264362
264363
264365
133295
395445
526522
395456
133315
262521
2270
2283
264434
2296
284373
526597
262529
264460
395555
2347
133436
526664
437304
264532
2389
526681
526696
526701
2429
133509
2444
526734
2448
526739
264605
264608
315294
264620
526781
2496
395718
133576
526793
526794
419
395740
393638
133609
395758
2543
2544
395761
395766
2560
133634
395780
264709
2567
2585
264733
395817
395822
415497
524724
395838
35004
2645
395863
2664
264821
395907
526980
2693
133766
264843
264846
2703
395926
395933
39371
133791
395964
395965
2752
395974
133831
527056
133850
396021
264959
264969
396042
2842
2843
396073
396082
396084
265014
2886
396106
2892
396115
524773
285457
133990
396136
265074
265076
396150
527229
139763
527257
265135
2992
3008
134085
265179
527338
265196
527342
527345
134144
396303
396311
527391
134185
396330
265279
265292
134227
396372
134238
134240
527468
265330
524820
396418
3219
3236
396455
265412
3286
3293
527599
134396
396548
265490
153475
3361
396578
396581
527660
396596
134454
541313
265536
131638
396622
22415
396636
134496
134506
134510
3442
265594
396670
527751
3464
396681
396688
265622
3483
3511
396743
175476
527834
396780
265715
527866
527886
134673
3602
527907
396838
134712
527937
612
134747
3685
396905
527979
396909
134769
265843
134772
396933
528018
134819
131697
265908
134849
396998
3789
265934
528080
22478
524924
265964
3827
397044
134907
265980
528127
134918
266001
3862
528151
528157
3870
3877
397104
3899
3911
134986
3915
3917
397138
135010
528230
135015
153577
397181
135041
266120
528266
3992
397217
397253
4042
266200
4065
528355
528358
397292
135149
44372
266275
397358
397362
135226
528449
135242
4180
4189
403459
397423
266366
4244
135327
135332
528550
135338
528555
528563
284703
414772
528579
528582
135392
266496
528642
266504
528667
288204
135453
4385
135459
528687
397619
525027
4442
266587
4444
65616
4463
397685
397687
528764
266622
149
135554
397701
528782
135576
135577
397724
266676
135626
528851
4567
4578
528892
397325
4622
397877
4684
284770
135772
266859
4719
397941
397942
39438
529019
266885
135822
266898
4761
397997
135866
529087
398036
398037
135907
135920
529140
545727
267022
267028
4904
529273
529283
398225
529300
529310
5028
267176
398271
529352
398285
136142
267216
529373
136158
5094
44540
529389
267266
529427
415918
5142
529490
398419
262777
267372
415933
136310
529545
267402
136331
267435
136384
5345
267502
267504
529661
445214
398623
136487
36
136512
437816
5483
529787
5508
398729
267661
5522
267691
398772
136641
5574
529886
5620
267779
136764
5703
398925
530001
136790
267871
530019
398962
530038
131127
136832
136860
399006
399028
5830
394197
399122
5917
399138
268068
530229
399165
399181
268141
268151
6031
137140
394229
530386
530403
399392
137288
137339
137341
399489
399499
399513
137378
530599
402448
547186
530635
6357
6364
295082
268533
268548
569046
6421
399650
6465
154002
268654
399747
530832
407687
530848
268715
530869
268726
137666
530903
399841
6627
268804
525409
531016
531019
6747
135525
22974
137892
531137
400080
1145
269091
269160
400241
138100
138116
138117
531374
531388
138186
138189
400343
20997
400377
400379
400417
269364
269386
400477
531552
531568
286359
269434
138367
7307
138387
400534
400536
400560
138435
400581
1237
138501
158044
269605
285236
400722
138579
400726
400729
400763
138629
285249
1261
269723
138670
400818
400848
400869
400919
269848
138780
138785
269863
7746
400966
532062
1306
269986
138935
138948
138961
7921
270074
270111
532260
532263
532286
8014
270186
8043
270202
8064
8074
65737
401313
270250
532397
8114
401392
401400
8195
532504
532505
8238
270391
532555
394598
532583
532595
139394
8329
26466
139456
532704
532711
8429
416473
438329
8562
139639
307266
8602
401838
532916
270790
8649
401868
139758
139775
401967
533045
416528
139887
23315
8821
139904
139915
402087
271051
139994
533218
533220
140028
132565
271106
271136
402228
307337
140108
402255
402287
533364
9113
140188
533451
9174
132607
140284
533502
9226
9253
402470
533545
140349
533568
22757
140373
271473
271476
271488
271500
402575
271505
402655
9479
9488
410581
533800
416648
402759
9556
9557
416655
187162
140671
533888
271753
140690
43966
9651
140738
140821
9760
403004
9789
140867
271960
9843
140919
285634
140954
272058
9929
141005
534224
272082
141015
534247
9968
534291
272155
141101
272176
154597
10082
403301
141160
141204
403358
10145
264183
141224
154613
10176
403394
534468
403404
272343
42960
534517
416767
403454
403473
262213
141346
176477
272439
272480
141413
534637
272538
534690
403666
141532
534751
10466
534756
10472
23591
10489
534789
272647
272670
403746
141604
272716
403798
534892
141682
526057
534959
403888
10714
272882
131879
535049
535130
141941
10870
141947
10877
141952
10881
141965
132888
10900
10903
141988
135664
273081
404163
142051
535278
404226
273184
273200
45537
11091
273276
535445
535455
404395
273336
142291
273383
404468
11264
11271
142352
273427
395097
404507
404545
11332
537022
142440
404587
404592
273537
404612
131315
535732
404666
11505
273665
535820
273677
404754
273704
535856
273716
535874
52760
11630
535948
142767
273863
11723
404948
273886
11754
405013
307803
536103
285965
142958
405133
143030
135545
12044
576518
405324
143186
274267
286019
569214
154955
405451
405469
143331
536570
155379
537246
12345
536649
274509
274518
274559
12418
143532
536761
536806
274665
12556
143636
570075
274734
274736
170636
274758
274760
274763
274786
536938
274815
12711
12735
12757
406004
143874
406034
50771
12825
12838
537135
275014
275028
143958
143965
144000
144018
176925
144049
144056
537286
537289
144093
406298
144179
144180
144203
155106
537424
144467
275327
480538
417276
406509
144371
144372
537596
13320
275494
13352
537648
275511
279775
406646
417303
144530
275625
144620
24105
406792
537866
537878
13595
537909
537910
537924
275793
275795
537944
144734
275811
537960
275839
537986
144772
275855
144881
24149
275977
275980
13856
407080
538182
407131
13916
407135
538235
407238
276197
276208
145139
145163
2349
538398
145186
145188
407336
14138
24204
145231
407413
145292
538518
14238
145313
14253
538547
407482
538555
145351
14281
538580
538615
276491
276507
538691
407626
145503
538735
407667
2114
407685
276620
407734
145629
145642
407806
276735
407808
276739
276750
145685
145699
14628
407864
14676
419483
407911
276854
407930
407963
276895
145845
14798
395684
14812
276972
145911
539158
14883
539180
14938
539233
277156
408266
284195
408292
177277
15089
132781
15117
277267
286511
133594
146215
408405
277338
408425
15219
408456
539535
277401
15269
539584
539589
15302
277449
539596
277496
417631
15427
146510
539737
408681
15485
277630
277637
146620
146623
15564
408795
277775
2606
2608
277795
15678
408925
277857
540012
15726
408966
146861
155549
409066
15851
409097
278029
409102
146972
6216
409134
540211
147051
540270
147060
540326
147115
147122
16056
278211
540370
16089
147172
147178
540436
278293
409367
2697
278344
147290
409457
147319
24554
278467
16361
409591
278525
16383
147466
16403
16458
409678
540765
16483
409700
409739
16525
147609
147635
278714
540872
278744
540890
540899
540922
540970
147778
16725
541029
283382
16757
147973
279065
541226
24672
148044
279122
16980
279129
133905
17004
541298
541301
155754
541314
279212
541367
410305
148165
17106
410331
410345
148208
148230
410398
410409
279345
541496
17210
24714
262991
541518
439779
148375
284680
279477
410599
541712
148502
279584
541771
148583
148584
410800
279753
44232
397286
279803
410887
148773
148807
279883
553441
542048
308798
279946
279947
279961
542111
262861
148908
148924
148931
147718
148956
411111
148969
280051
542221
17967
280122
411208
280176
541027
18093
542391
149192
411358
542442
149233
149250
280324
4970
411450
411451
149327
18256
18316
134128
542630
280490
280505
149440
411603
542685
411629
149498
411653
411654
280596
18460
18473
18475
149566
411738
18529
18535
170834
411773
18559
149643
149645
576397
411855
280814
280829
18691
280850
411934
411937
411962
440032
179570
543057
543060
418196
280971
149921
543171
412101
543194
281051
543200
543201
281066
18938
281108
150037
134233
18973
543276
150082
19013
281164
19022
543333
150127
412277
281207
412281
19074
150151
281224
281246
150192
19123
19146
543520
43773
412490
150354
412518
412544
19329
412566
281498
543645
543661
19374
156151
135628
281557
19428
281578
281586
19448
19450
19489
309084
281665
412755
543838
19552
410916
131587
281742
281756
412830
440177
19637
281790
543947
150754
412908
19695
544032
281906
19769
524401
150867
544113
281970
19845
413070
544169
19926
19929
413164
19967
282131
19994
287324
20046
544347
20063
413291
544386
151172
20136
20156
544457
544485
151327
151328
568062
544601
413541
544615
151403
151486
544703
20456
282603
413702
20489
544785
151583
282691
282694
309260
374800
544875
282733
20601
282776
413874
413892
544968
20702
151822
413970
151830
151848
151864
20794
20809
151893
282981
545135
20849
151954
151959
414111
283045
283059
545213
545226
283093
549626
283111
545260
21003
545334
21079
545381
283257
281214
152237
545507
283408
283431
283475
414548
414552
21353
152429
545651
545659
414588
283524
545670
21447
21451
21462
396793
21469
283615
283617
283624
410980
545791
545812
577129
414747
152621
152659
152664
545891
152693
21622
440511
21632
545929
283840
152781
152788
283863
546018
283875
21750
546079
415008
152871
546093
283955
546124
283999
21868
21872
415174
153036
25506
415203
284144
22014
153154
22102
153187
22164
22256
22275
22291
153368
22360
415604
22411
415634
549876
265889
284644
22526
153616
22545
153620
396976
415787
134835
284732
153666
284756
134841
22650
546940
546944
153736
153749
156628
546975
22689
153776
284873
153811
311776
153824
284956
178566
416047
397025
22863
547165
22882
22890
416111
285045
153985
22953
416190
547265
23015
416258
23047
285195
23100
285254
285257
547419
23176
547475
285357
433985
154345
154354
23311
285484
285486
547636
416585
547662
416610
285548
416656
156824
547752
547767
547797
416741
550056
23551
547869
285743
154704
416878
285810
23695
427005
547999
23723
285890
285891
285897
558813
416981
285910
285911
154911
285998
23875
548172
548184
23914
417171
286116
23984
3999
417218
417234
24026
286174
155105
24038
548351
24081
24086
548375
24132
572001
417369
24154
548452
155244
24175
155253
548471
155268
155292
155299
156958
286406
155344
548564
286484
4057
417583
548661
286525
155470
286576
24436
286611
24507
286690
240867
417834
155696
286816
24689
155777
549003
24730
286877
550258
155869
24802
286953
418065
155937
418087
549166
287041
418115
549199
24912
549201
24939
418173
24972
418193
287167
549330
353701
549347
287221
288171
418315
418318
418329
549471
156258
156260
418418
549496
287374
18299
549559
47905
418536
25414
549714
287575
266383
549729
418675
441152
418736
156594
156604
287718
287723
418812
549924
549942
25665
418894
25697
156776
549996
156802
25746
418968
418984
287920
156852
287934
419019
287962
419052
156914
550133
156939
156977
288052
528970
419159
550235
550246
419232
288164
157105
550324
419255
550333
419271
550355
157172
157186
550455
157260
157266
528654
157279
157288
26221
550545
157356
157371
26367
419599
288548
157480
419631
419644
419664
26454
288610
550780
157621
157639
550870
288733
559544
550911
26655
419904
288440
288852
26713
288872
157811
288905
131113
26801
26818
288964
551125
26913
289058
26924
26928
289075
289097
158058
420210
26995
289147
158130
420291
398073
289236
158186
302055
158201
289282
27142
420363
437356
48220
289329
158276
27241
289428
551574
158362
420515
289510
420608
27394
135638
420626
420650
158556
549236
289658
289662
289693
197322
551888
27622
135676
158702
551986
551994
289866
420971
552054
27776
158861
27810
158897
288627
552136
398099
421108
27907
552199
27974
552272
28006
28010
28011
28012
135741
159105
28038
290185
290201
552354
421298
159168
28109
159198
421380
552453
552461
552467
421406
552482
552502
421432
159296
28231
290395
290398
266422
421488
552565
552569
421529
397938
552623
28349
159436
529016
421611
28415
419798
421643
552717
17166
28462
552755
421689
159551
159558
421714
290676
421759
28560
290705
552929
159723
28674
159768
552985
553021
159820
159823
28766
159856
28797
28802
290974
422050
553130
159929
28858
553149
291016
159952
159957
553224
160014
422172
553267
28981
419892
160064
553314
160101
160106
160181
288841
422336
422354
160232
29161
422389
160255
160259
553507
422452
553542
553548
29288
29328
553623
291493
422611
29405
267048
291574
291592
553764
553812
291677
5434
422774
553851
29575
29647
422876
29687
554066
29802
423023
29813
572949
554125
554138
554152
160938
160940
160952
554176
160996
29931
29942
554238
136064
292120
423222
161093
554323
423275
30073
289061
423354
30139
30149
292315
554507
554518
30231
554541
161367
554598
280340
161438
292537
30401
289057
30409
542213
554706
30434
292579
161510
136145
292597
398305
423768
423776
423796
292730
554950
554952
554982
292844
179968
555022
555038
555045
292910
292912
420019
555080
555118
161941
161599
424108
424124
555211
293070
424161
30960
293108
30973
555273
551303
524777
424388
424533
31332
424669
280377
424692
289248
163081
163084
163128
294223
294229
294236
163180
32147
163220
289845
556560
163358
294509
425691
425721
556838
32574
428810
294758
401402
425917
297876
294909
32829
426118
136396
426191
164142
426300
420582
164200
164381
295499
165200
557717
33494
426773
426806
426826
164696
164698
398842
33764
427046
296009
558248
296161
34019
267815
34061
165147
296233
296267
289696
558615
165438
34381
165492
296573
558748
558766
558786
558878
427886
427920
427921
296882
165833
165847
165945
34975
297206
559358
573825
297236
166230
538007
428446
166303
559556
297417
559586
35322
166481
297684
27769
559949
560054
35782
35796
167042
36006
560309
36048
167126
167248
560489
429446
36322
560630
298527
429606
298545
36439
167528
429705
429712
167574
36544
36547
167642
167671
429818
167698
552244
36748
49234
561126
561190
168016
561308
37113
168259
561653
561761
561864
561875
299786
562192
300056
168998
37944
137396
421393
169095
443248
562360
5288
421421
300392
300428
431650
431704
169600
562826
240304
562936
431874
38663
300811
38668
399661
38686
431921
431947
431972
574443
300990
169937
169984
169988
169995
432174
39131
170336
432598
170562
170588
170602
39632
432873
432891
39682
39754
301916
432998
170925
301998
302051
433259
40091
564421
302432
564677
564680
531032
433716
302660
290761
564931
564933
433928
302885
171845
302928
434038
40874
171966
398535
303144
172092
434275
303213
565379
41135
172232
565600
565612
41351
572897
434773
41577
303743
172751
434923
434940
434962
577507
566088
553116
531277
435161
435218
304150
566319
566385
435322
304260
435377
159953
435453
441095
566568
304466
435573
435579
50757
435718
566798
304693
304694
42584
422161
173682
566899
566979
566988
435929
42741
435994
436038
7139
436070
42977
43007
43011
400409
305370
436519
174399
371482
305546
567713
174526
43510
567997
436929
174831
43764
436990
43776
174896
305991
568155
568171
43893
437120
43936
43960
43971
437224
306191
437277
175135
568369
437300
306232
568378
437317
44138
44140
437416
568549
175359
306439
175383
138461
568628
175430
175477
437632
568707
44420
44432
175565
568840
306782
437908
175781
407390
44751
422520
44776
438045
44830
306988
398665
438095
438101
176008
44946
307156
176089
176265
176279
45281
291865
45468
376864
176588
438855
569946
45672
307869
176810
45741
176833
269788
439084
176985
570205
439141
308100
308180
308197
46071
573287
46146
570436
308302
308349
46267
308463
308468
308488
24625
570738
313579
570822
439756
308688
570836
145211
308703
7762
46592
439822
570917
308792
46660
570968
7781
439926
571047
308936
308963
308968
309003
177954
571185
309060
440154
309096
178040
178207
309386
571575
571610
178443
178494
47467
309618
178550
571779
440726
142599
309710
571867
440819
440853
309791
7945
47684
440919
309881
440984
47774
441032
47832
309985
572174
178962
441182
532617
310203
572352
179155
48126
179201
310390
572554
444953
577725
48340
310499
310518
572680
423678
572732
179532
310606
441714
310671
310707
310780
179725
48680
441909
573018
423193
442062
48870
48931
180014
48971
180048
573286
311162
49022
442277
49120
180205
314048
49315
573670
442645
573725
180543
311616
311691
574697
311715
573898
573963
311822
574034
350819
180964
574217
416705
181038
50031
52037
443296
574456
554505
312381
262204
312398
181443
50414
312608
574755
443725
574829
50563
181661
401652
443916
530187
401681
292459
444060
313015
50927
313073
444206
444214
575305
182104
313218
51083
182181
575483
313356
575641
51359
313541
444619
444749
182645
575955
554750
576072
576128
576138
182933
576218
51949
576286
292661
445249
445257
445301
445397
576526
445461
445493
314436
183398
314556
52426
314558
183495
183562
576780
576829
52543
183626
314703
445810
576973
183785
446036
314979
314647
398934
52943
270972
139907
315202
184209
53184
315339
423711
577669
184490
184543
184610
577850
292927
184709
53660
53672
577964
447016
578184
53898
447118
316085
424068
576993
54173
578484
54295
578789
447738
316667
578888
578892
578924
54743
579045
185832
185884
579103
185965
579215
186018
266600
448317
448368
448381
55169
531963
55269
448507
463349
579667
448607
55398
140320
579907
448856
317805
55689
580002
580008
317874
580082
449125
162237
580212
577979
55966
56032
318189
449270
187167
394682
187443
318528
318564
56452
53101
56508
315256
57005
147823
320376
89238
31621
162753
578128
447099
534543
399227
246491
54111
447349
263968
2106
534859
394921
45999
10683
23996
152320
196619
458785
65588
196688
65835
459056
65984
66066
328275
66171
372303
328571
459659
11075
66566
459853
460222
460915
329919
461340
68305
535713
330770
579419
330961
200033
331334
200305
331541
331868
463055
332015
426712
419324
201374
70347
70365
201644
201724
329703
71055
464810
399556
71766
72746
466035
73040
135397
143348
220688
2466
336469
24305
205794
468011
206121
558690
337748
405959
449835
297019
297045
471731
78663
341271
341354
464037
450173
297273
80385
1155
188380
476191
13879
428943
28961
564447
346178
298008
143717
450107
36017
349337
306095
218503
422192
349580
349585
87465
218589
480739
480779
349719
218715
87655
349809
218868
218941
364174
481222
350280
350617
219591
350701
481807
219674
88671
219760
481954
276950
548772
482122
89052
351253
89112
351262
220289
351473
482728
220917
352247
90122
352360
352417
308524
221515
221592
221663
352739
90862
222026
222127
208165
222367
424837
222639
539562
91656
277507
188287
439527
212011
92420
223500
92480
92686
486320
224272
224371
486567
355578
147148
487256
487288
94092
190495
94687
357017
358083
489333
489622
96628
59816
227946
490126
505152
300169
278224
16359
360870
295753
531441
231338
100386
493698
362643
362676
100558
100827
363145
101426
265253
497567
495169
300198
233625
102662
322979
365123
410401
213863
497565
39288
104756
104768
104817
562149
104844
42785
432604
367471
39447
199923
498949
148706
273049
432755
148771
61463
188688
17877
214526
214563
280177
214704
542412
371090
109164
240252
502493
109290
109324
455135
109399
240543
502726
109513
371684
109561
502828
240755
109700
149357
502964
371950
396467
193095
62038
18370
503479
433441
110473
241675
372774
241785
322297
241851
504013
110809
504057
505611
504108
373073
82255
373101
242291
111245
373461
373482
111348
504616
121555
242847
111812
111820
242931
111972
505234
243211
374326
112208
505489
112525
237225
112673
243824
243829
506037
112899
280968
215443
506360
215469
113315
506555
244418
244428
375504
113391
244476
375568
506699
446807
244675
244782
244844
244894
281122
113879
113898
507136
114027
114132
507390
376377
376385
114353
245846
376958
246026
246312
115270
246411
106639
246646
378154
378323
243927
116588
509895
106851
116831
116851
335189
117218
543830
543833
510684
63275
379735
248779
510998
248957
500273
380248
118173
380416
380420
118330
249435
249471
19756
118870
512217
441608
250543
107424
456950
414284
52030
383090
383173
479769
497244
173221
384168
253159
253290
384449
122350
122688
566583
253773
253883
516088
254025
385118
406760
516771
123967
123995
124117
517632
372748
386715
386875
445007
431917
314093
257723
388823
126719
209353
520041
257928
389244
520349
520405
258304
258414
549810
127553
389932
389965
390110
521218
390374
259467
259766
391237
129246
522719
165674
129700
524088
371258
261521
152819
523753
109145
174700
261893
130955
