152942
131415
262492
262495
131427
524645
524646
393576
393577
131434
524651
262508
131133
368
370
524661
524662
262519
393593
131450
382
262528
393602
131460
524677
393607
393608
394
131467
262541
262544
393617
524690
404
262549
262550
524695
262552
262554
393630
131487
393634
524709
393641
524718
431
393649
524723
436
438
131511
393656
524730
262588
393661
393664
131524
262599
393675
131533
131534
77
393680
148409
393686
471
524766
262623
393696
393699
524369
490
393707
131564
131565
393714
524790
393721
131579
508
510
131589
262662
393303
8747
262690
562
584
262748
262770
393854
524929
643
524975
393924
131190
525012
131816
131832
393989
394008
568112
131902
131909
131937
394089
131961
532501
263039
525189
908
909
179823
132000
394149
941
525232
262307
132057
394210
135475
394244
1084
394330
132193
48047
263274
525467
263327
132258
263333
132262
132265
394412
546333
1200
1204
528147
174964
1216
132290
394436
525510
546337
1224
525513
132298
525518
132303
1232
263377
132306
132307
1238
263383
263388
525539
394468
263400
132330
132331
263406
1264
394481
394486
1271
525563
263420
525567
1282
415275
394501
394504
263434
525580
1295
263440
1298
525589
525591
263450
394523
1308
263453
263454
1311
394529
132386
1315
394532
525607
132394
394539
525612
87602
525615
394547
1332
132405
263478
263479
525625
263482
132412
132417
132420
1350
525640
132430
1359
263504
1366
394583
263512
525660
394595
1381
263526
525678
1392
525684
1397
132470
1401
525691
525693
525695
1408
525698
394627
525700
132485
132494
132495
394640
525714
132500
132503
263576
394653
394658
263589
132521
394666
1453
263599
263600
132531
263604
132533
415305
263609
262752
1472
394691
132548
132549
525766
263623
132552
394698
218701
1488
525779
132564
525782
263639
1496
1497
132571
132573
525790
132576
1505
263650
525802
1515
1518
132591
394739
525813
1526
525815
394748
263677
525823
1536
525834
1548
132621
525841
132626
1558
263703
394776
1562
394783
394784
1569
394790
263
263724
132654
263727
132656
1586
1589
263735
132670
263744
525891
157176
1611
263759
132688
263762
263764
131342
1625
525915
263779
1637
132710
1639
525932
1645
8731
394866
132724
132725
525944
394874
394879
525953
263810
1670
394889
1674
394891
263823
394896
1681
263826
394900
132758
394905
525980
525990
132778
175047
525999
1712
394929
263859
132789
526008
526013
263873
263875
1732
1737
263883
526029
526033
526035
394964
393508
132826
526043
394974
394975
394976
1762
1764
132838
132841
1774
394992
1777
132850
1781
526070
526071
1785
395005
1790
526079
1792
526082
132874
395019
1804
132878
528167
1810
132883
132887
526104
526105
395040
263970
395050
132908
395053
132913
263993
263995
22154
132935
200830
264016
264018
264019
264020
526166
526168
132954
526172
132959
1888
1895
395120
526196
1924
264079
526227
264092
393542
395178
395192
133063
401602
1994
133071
395221
264158
133113
526350
395292
2083
2093
395311
264244
526391
395321
526432
526433
2150
524649
264316
264320
264322
264340
2217
264362
264365
133294
133295
264371
264395
526552
546511
2276
2283
395500
395504
395505
264434
2296
264460
526608
78
262538
264514
2372
526666
2389
133462
526681
2400
133486
133509
133517
526739
264618
264620
419
2531
133634
133641
395791
2585
306267
526898
395851
395853
133730
395888
264821
133766
2703
395933
395964
395965
395966
284448
133835
527056
2776
395998
527073
396021
396030
527112
264982
2843
396082
396097
2886
396116
265052
524773
43742
265070
2931
491
2964
32301
396188
527267
2983
265128
2989
265145
265150
134079
3008
396228
265179
265187
396260
3048
527338
527344
527345
415571
396284
265236
134165
134176
396326
265274
131595
265292
396372
396380
134238
265315
134262
134268
265344
265351
265355
265361
527533
134320
265398
3259
524834
396495
287289
527571
3286
265432
265447
3314
3325
3348
3353
3366
546695
395284
396596
393781
134475
134510
527751
3464
396685
265629
134562
527785
3521
527822
396765
3579
265744
134673
3613
265781
396858
265810
612
134755
527972
3685
265839
134779
134782
396927
3737
265896
396977
396984
546765
528080
3812
134893
397044
528119
265982
397064
266001
528148
528151
528161
134955
415710
266038
3911
134986
397138
153577
135038
3992
397210
397213
133384
528299
266165
528321
4051
528341
528342
528355
528358
397307
266240
266242
397315
528408
135193
4132
4159
528466
545705
266360
266366
266386
528541
4259
397486
397500
135364
528587
528591
397527
135392
397543
266486
135438
528657
266517
21969
397619
4410
4415
4421
4428
397645
65616
4463
528756
266622
135564
528788
397717
135576
528800
397735
153671
4537
4555
413784
397782
397792
4579
4587
528880
397813
22612
528890
397819
397826
4616
284759
528915
4642
397860
528938
528940
528944
135730
528971
4694
4714
266880
4739
397959
266912
4796
135875
529095
4830
4834
529126
266990
568788
4880
398098
398105
529188
398124
267055
267067
821
292587
398157
4963
529260
398202
267152
5018
136092
267189
5046
398270
529345
529350
22691
136154
529376
5111
5113
5115
262997
529411
136200
267274
267284
22704
136230
136233
136245
529470
136260
529477
5198
267348
267350
5219
136312
136332
267417
529562
398494
529572
136360
136373
525176
5335
529630
529632
267497
267516
529676
267540
401569
267555
136503
5472
398697
136559
398704
267647
5505
529795
284911
398752
529827
529829
267715
529864
136651
398799
529879
5619
136699
136701
136721
5667
529963
398895
267852
530002
153871
267870
398957
530047
284950
5769
136849
530081
547100
5809
5832
267978
399054
267985
267988
153892
268014
136949
399095
399097
399154
284979
268095
137029
437900
5962
399191
399200
268130
399203
399208
530287
530289
399220
268159
399236
137096
137100
399275
268213
6075
530364
137181
399337
153938
6151
530447
6160
268317
399461
6247
268393
399472
47178
44734
268406
268430
6295
399547
137420
6355
6358
399585
268516
530684
399615
394283
6406
530713
6432
268579
530729
268590
6451
399668
6464
530762
153998
137571
6512
6518
399746
268682
6572
6578
268733
137681
530898
530904
137703
137704
6640
399862
137733
530966
399899
137757
268835
445404
137777
137779
44810
154037
6725
268900
6792
268940
6800
131162
6809
400039
268986
400060
400091
531171
137963
531190
547284
269054
137999
145820
132515
6945
400162
138025
269116
138064
531289
138092
7022
269171
269174
531377
138166
531392
531406
154107
531431
531444
138248
138254
400408
531481
138276
7221
138303
531523
138310
7239
531541
138342
138385
269458
400571
400576
7361
138436
7367
400592
400619
400625
416297
269561
7420
138494
400642
531719
531725
138514
269592
138521
138529
531751
269612
531759
7476
7504
7517
138591
7539
531831
269693
531860
416325
7584
138659
400809
7594
7603
138699
400850
400870
400872
531948
531956
531958
7677
269827
138781
7753
269903
138836
401007
532083
7796
269946
532106
269973
138905
532128
401060
532137
270004
270017
270024
263458
401109
532194
1319
401140
138999
7931
270079
532224
7944
7946
270102
270106
401182
532269
270135
139067
394550
139120
270195
139124
8062
8066
8086
409443
139173
139216
270290
263503
8160
1360
401390
139258
139270
139275
532495
532510
8223
270369
263516
401458
270388
8245
132447
139333
532557
532559
532565
139359
532577
139372
154301
401528
532603
8321
270472
139416
139429
532662
401594
8383
8396
139469
23245
8405
139503
394623
270605
532775
12930
532789
401721
270651
270661
401735
270688
401766
132497
532842
270703
532866
401821
263582
139711
139728
139748
401910
132523
533004
401944
270873
8733
8761
533054
8785
8791
139865
270956
533128
8856
285470
292258
271058
402167
406199
271118
402221
402224
402264
45204
402305
9095
402331
9127
140244
394747
533484
402420
402447
533522
140328
140360
533602
271495
525851
132638
547503
402621
9425
271591
271604
9462
533808
23434
402770
402776
140633
271714
140655
271736
140666
402829
9620
140700
533917
140708
271803
22145
9723
271875
402948
9735
263767
271890
534049
271924
271930
403028
416697
284021
534124
271992
9866
534168
272034
140984
9919
140999
272100
403194
9983
154585
272157
10037
10046
272203
272217
534366
403306
10136
264183
272297
141229
10161
403423
403424
419334
272405
272426
157190
272441
272444
141386
141400
403556
272510
403593
141496
534735
141557
272632
394972
403754
13969
10581
10614
534914
534925
272785
403868
10655
534958
403913
10727
10728
403982
569774
10784
404064
526098
404148
535229
10948
438734
10991
273142
535289
404242
11029
273175
404254
535335
535355
263989
273250
11146
11147
142276
273371
404450
11244
142320
142322
395097
154801
142393
23735
142413
142420
404578
535666
535688
404621
142481
404629
273560
273561
11420
273576
273591
535768
11504
142601
142689
273771
535928
11643
273808
142746
11720
536010
536039
142824
536055
536058
536059
11774
404997
273929
536127
405058
405060
536167
142970
405141
274085
274116
405194
536278
405207
274170
536317
536322
405264
274203
405278
12103
536392
274254
274271
536417
12146
12154
405376
143256
405418
536494
536509
143334
12281
536575
12307
405543
143416
405563
274496
274499
405579
405613
274556
12422
12428
12429
143510
536730
274633
12490
419410
405747
143621
143623
405800
12612
536935
143736
536960
143764
307954
143900
406073
275038
4794
406121
537213
537220
537222
24002
537235
537248
570143
144079
406230
13045
537337
406282
144139
406296
537371
13121
13129
13144
155108
537444
406375
537461
144246
275339
406420
144280
537532
144322
275413
13283
13284
144358
305959
406518
406530
144388
166296
144431
144436
406628
537774
144560
406710
144582
406739
406753
406755
133329
275708
13568
395480
13603
13650
528562
144747
13678
144760
2284
308121
13720
13722
13731
144812
144817
275900
423010
275961
538108
407037
538116
275982
538149
407091
538209
407139
276069
276077
538223
13949
407173
538270
407221
145087
276162
14036
538336
145140
276218
407301
2349
276244
145180
145189
407346
538422
276295
407400
145262
14203
14219
538537
538544
145337
538566
538574
538588
145381
538609
14329
407550
538640
276516
14412
538701
407634
407651
570385
405121
145553
538779
276664
538832
407779
428208
155351
276794
538973
539026
407958
407959
14764
539071
14791
14804
276961
14855
439384
145999
146015
277096
408177
277122
14988
539297
408252
539335
146121
15073
539372
398142
146169
146186
277284
146219
15151
146226
15156
539475
408431
15239
15266
277427
539573
277435
264699
277481
539647
15374
146449
277529
539682
539710
306490
177339
277616
146561
146584
539820
2591
277700
539851
408829
15617
408838
539915
266756
146711
277821
146760
408946
15794
540100
540103
540122
146907
277990
277998
15859
146933
540162
409091
409092
15906
146988
268333
15930
278078
409194
147073
147092
147103
16037
540342
177440
16072
278219
278230
16101
278258
147187
16125
147216
409375
16173
2697
540496
409455
16243
16246
540567
16283
308549
329191
540582
540586
147392
16322
540617
409546
540633
409570
540664
540679
147492
16424
147506
409658
147553
409706
540795
409754
147659
278737
278752
409834
2770
548906
278796
49866
147743
395995
147753
528664
147826
147856
16796
147873
541109
541117
295428
541157
16870
396029
410109
279073
22194
417885
279089
16963
410182
410190
541288
541293
279182
410256
17065
148146
17076
279243
17105
541422
17153
541450
148965
279320
279322
527155
17205
132795
17216
541505
410441
17236
427835
148343
410509
148373
279450
17312
148415
265036
541677
17429
279578
541730
419575
165350
148541
17481
310463
410708
541823
148629
410779
541856
17580
410808
279762
410845
541938
541964
279881
542054
542060
148852
542070
148858
279939
279941
279978
542129
279990
542138
411083
280018
542174
542186
411142
439896
411171
411178
527283
17985
411212
149079
18011
411247
134078
18041
411261
411274
18078
280228
411321
280254
280267
280270
149204
149212
439930
149221
149223
542443
280302
542485
18244
149320
411492
280442
542591
280508
18401
26800
542715
18432
18466
3080
411703
18495
280641
542824
18542
418155
18564
280731
149668
411814
280765
411857
411883
149791
18723
149817
18780
280926
412009
18802
280955
297415
279957
156060
281005
543164
412112
149973
281060
18940
150017
18952
412187
412190
19023
281194
265324
281237
150185
281273
543494
281351
150300
543534
150324
43773
281406
412491
150367
550572
412516
134294
412555
150442
150444
19380
19391
150480
150502
543732
412720
150594
543814
281700
281701
412780
131587
543869
543877
412806
412815
281764
281774
543922
543942
412901
281846
5021
544018
544086
544089
150877
281961
19818
413037
281996
282067
19941
151017
413198
413206
151100
20030
546232
282186
151214
20145
20146
413374
527649
266908
20202
372862
151307
20253
568062
440283
544556
20291
282466
413539
25237
413572
282523
20384
151466
544687
413623
413628
20418
544717
282579
413665
151523
287400
151546
413699
151563
151566
151567
413716
20513
282661
20528
544831
282708
151637
20576
282737
151669
170902
20619
151732
282828
413903
544994
282868
545016
151801
282889
413984
151869
282943
282946
151892
151900
414045
282978
545126
20839
282998
283004
545160
25325
20888
545187
151975
414130
20917
20929
545263
287488
152079
21020
414244
545325
134586
545375
21097
414314
549650
152209
21138
545428
134599
21181
21223
283403
414479
21281
21286
283445
152405
283479
545632
157834
152479
414651
414684
283638
21504
283658
283673
152626
571573
283720
21595
265745
545898
527891
414849
283780
152724
545944
152742
414887
152769
545987
414916
152782
21718
283868
546013
546041
21801
283960
152914
284008
152965
21915
546205
152992
415150
21968
415201
284155
415232
3671
22041
284218
22086
284233
546379
22104
284252
284256
284290
153219
22150
284297
415378
265840
22193
284348
415429
153290
22226
415446
415493
415499
153380
22340
432832
546655
22374
284529
415602
22447
22448
415694
415697
284652
153585
153591
284686
22564
22593
153674
22636
153710
153733
284817
398770
546984
22708
415943
153814
415976
153845
547066
547082
153880
22827
547154
265957
22880
416102
22924
285091
416165
22951
22954
416172
285130
416215
285170
547315
416247
416286
23108
287841
547411
23141
23158
416387
154244
571842
547470
287854
154279
285358
154305
416450
547524
285395
23258
23280
23298
154379
154382
287877
547618
285477
285488
416589
550030
416598
154462
23450
23451
154530
547769
23538
154621
285705
402563
547879
154677
416840
416843
551829
285821
416907
154790
548029
416973
23812
285958
154888
285978
286000
417090
417105
53170
23929
417160
417203
548278
286137
417220
24019
24023
155107
287998
417273
548362
24076
417293
417295
24125
548416
155205
24231
286382
24253
548545
286425
286429
286442
548608
286469
548644
24371
155448
286550
24411
155496
155519
548742
286619
286639
24498
417729
24520
550746
417766
286700
24582
548889
417832
286773
548936
24657
286802
548964
548971
286876
286914
286936
24794
549098
418028
155892
155904
24842
549133
549168
549184
418114
418141
549216
287098
156042
24974
156073
25009
156090
132847
549328
397390
156120
550308
287213
549378
287249
549407
549409
156202
549426
287308
418385
418394
549478
25192
25195
287369
156301
419834
287386
156323
418505
156367
135288
156410
287494
550359
418575
287507
287509
287541
549691
25425
549715
266383
549725
287608
25470
401703
156608
549836
549841
179024
287716
418824
157188
287804
25673
144884
287842
418927
550021
287881
419028
156910
287988
397203
419085
288023
25907
310155
419145
550239
157026
26028
26041
26052
288215
157158
550394
26109
397569
26131
157242
419396
550481
26208
288358
419443
550532
26247
26260
157341
157344
157345
419501
26294
157397
550617
288504
550649
288506
288556
419468
419666
550745
419678
288650
157586
157645
26583
288753
157714
26662
157748
157796
26725
551073
288941
288948
26833
441379
551164
551169
289033
551244
158055
26987
420225
551344
289211
289245
289255
551413
420349
551434
27151
420412
4535
551507
158293
551524
289381
27282
551598
551636
420575
289514
289545
5277
419907
289583
158514
551733
27451
550844
551795
420747
289677
289698
289703
157512
551877
197322
289739
551889
420831
158700
289778
158726
289852
158786
552004
135694
27742
158818
289987
395039
27792
552112
552114
419700
27840
158933
27888
27901
290098
159028
421229
135759
421364
28154
159299
552520
28263
159346
28288
552579
552585
421533
421560
421618
290549
290566
421639
290584
159521
552740
135815
28517
179519
159626
552876
28589
159754
552974
179545
354309
421944
157707
28764
28782
290938
422020
422026
159888
290962
422044
422067
291019
553176
183805
266976
553310
422255
29041
422270
160142
419908
29104
160201
160214
550993
291333
160264
553487
422427
553528
398093
29285
291438
26728
422528
29320
29323
293489
291475
291484
160422
160428
291518
29377
160463
551036
29473
553773
310759
160629
553865
29586
422816
419996
160708
422866
291839
136289
29706
422939
291897
160848
554083
554102
160926
423083
554159
160944
292051
292053
160994
554217
161031
161051
423214
161071
161084
292181
554354
292213
554364
30106
554398
423356
292289
161287
292386
554534
292416
292440
161386
423534
423562
157977
161451
292533
292538
554699
423638
292574
30431
30462
554770
423720
398301
161597
30526
554854
30569
529383
292722
423815
292751
292767
30630
554920
161749
136185
292827
30711
423932
555015
161812
161823
30791
30815
424044
30836
161917
551275
161929
293014
424088
289140
30911
424137
30947
555263
162109
524777
551314
424304
424342
162199
31187
424408
162285
555514
293371
162322
424485
162343
31286
424532
555613
424542
293480
293514
424588
555701
555755
162573
424728
31537
27109
31587
293763
555910
575772
293805
293820
158197
31680
162813
556039
424979
556056
556067
162861
31798
556162
425117
294051
425127
556203
31922
425141
425155
425218
294159
420400
425359
294323
556482
32242
163362
425536
32328
425556
556752
163591
294679
294734
27299
163803
442364
163818
32816
294978
32903
557205
529786
145129
158428
164172
33172
33186
33413
164564
33505
5589
295695
33631
395293
295932
164918
164921
33866
558276
427301
165211
427396
289197
296410
165395
427545
558618
427583
263845
558849
558871
427805
551082
22879
427909
296894
559039
428006
559079
573726
296995
165955
180588
245577
559262
297135
559282
573815
35045
428301
35097
428340
180623
166273
559497
297359
136953
559652
297509
180123
428778
428834
399162
560052
298132
429319
552163
560517
560532
36267
36281
298458
298473
560635
560644
429591
560691
298564
560750
36482
429735
429745
298698
167661
298853
36750
175805
298914
36796
430142
561289
37015
168122
168217
37157
424596
561529
37286
37326
561630
299527
37429
430684
430688
299712
299732
299771
312126
37782
431008
562098
420253
37868
168963
431112
37913
431154
38033
38046
300343
38226
169334
169365
290378
169474
169502
431788
431808
169726
431873
169766
563048
432008
38838
432064
563164
170012
170045
432212
39064
170204
39171
563494
432430
28385
563713
301591
563763
39527
39538
301764
301890
574623
170980
433125
170990
171099
433301
171176
302249
564475
433405
181468
433452
171315
171330
40418
564708
40478
171566
433786
433826
171698
6773
564958
433896
1355
302872
565070
421876
40893
132299
50518
565264
565313
172218
303311
303408
434525
443805
303546
41456
574901
565857
269090
172784
422037
566236
566427
304319
42222
566607
435584
173474
566700
443988
173570
42529
566844
173644
28942
402954
435832
42634
173801
567018
173843
173856
42865
305084
154189
531457
43029
305219
436295
313019
525180
436400
43190
422261
174282
436440
43227
305380
436453
436455
436662
305600
567754
410320
436744
43601
305772
436859
305788
567935
174758
174773
464440
174831
43776
174901
568143
306009
568177
43892
43921
568210
175000
175021
306128
175072
306169
400218
568378
437336
175217
306305
175237
437446
175336
44267
437485
306420
175383
313220
506576
568604
175391
400603
568640
44360
306511
182164
44425
560138
437662
175520
437685
437710
175600
306677
437756
568886
44606
138507
533957
437849
175798
553595
44792
438026
44816
175889
44840
569143
175946
307050
44913
569310
51198
45058
45063
275263
438294
307240
176194
176195
138595
569442
569492
307371
438462
569567
307426
307483
45359
176432
45361
176470
45419
176551
569769
176558
176767
307881
307894
45768
439003
439057
176945
308025
176969
570215
45946
570280
46023
439241
46029
46055
308208
439325
439333
570412
439356
46142
570474
46223
570518
177314
439506
46306
177394
570620
46359
570656
308522
439613
400953
444644
197950
570741
177572
308758
308760
308775
571031
267794
219409
308950
46852
309087
440160
313666
47001
47054
532132
440313
571405
178248
571513
47235
309502
571653
571787
47519
47545
440766
571885
178674
178685
47639
178763
309880
47805
310021
47952
47974
310214
310289
179242
48181
310348
554169
441460
310419
394415
310450
572602
441605
48451
441727
310660
179618
441772
48572
441816
48616
441876
154680
10799
441952
181453
310897
442043
179940
48893
48908
311066
442185
311128
180079
442232
442365
442400
573485
311388
442461
573553
442509
311478
311488
311563
49424
180522
180549
311635
180578
49554
180672
423343
442945
574094
311999
574153
312015
181028
443192
312139
312143
183100
181098
443254
50134
8356
50193
577320
443465
312403
574584
181551
50480
445785
181584
312686
50602
181680
443880
443944
181849
181909
50846
50885
554619
575206
182020
444168
50954
444181
575273
51021
313209
30357
575376
313244
182189
444336
444397
444448
575585
575594
575631
313582
444664
51522
575842
313768
182758
576128
533686
445099
51898
445187
51993
52012
183088
314190
183151
445308
8686
314298
183292
445515
183372
183427
554860
183445
445607
314561
52418
52437
445670
445689
445726
554891
576859
401980
52634
576950
576994
423860
577087
183888
555516
577278
52992
576816
184106
577333
315218
184148
577399
53196
481879
394590
546791
302971
271522
416972
578046
189461
224537
294080
415755
150427
61147
447099
10245
403547
547633
537198
262283
28287
412371
294549
34827
421145
268403
285864
327895
327913
196888
66171
197257
197264
328391
197629
197689
328935
460578
67779
67798
329535
330164
68344
508561
199460
68633
68788
199913
200500
331664
462908
331885
462987
69878
332072
70062
70094
70122
70211
70251
404943
463596
463616
70479
201573
332736
332875
70809
333067
333379
290436
71970
203086
465247
569795
203481
204378
335479
135397
176947
73721
286159
74051
205152
467394
74206
336385
576608
206058
75325
279777
337819
189345
109591
206912
207077
558826
143789
275001
546952
340489
78562
78772
537422
525939
187949
570457
537555
13273
316901
556954
561323
268901
28878
537761
319393
68183
79269
581744
275997
400422
430531
210728
450107
138137
142570
87513
480812
349777
87649
218734
218809
349914
87865
481144
80200
350253
88192
219349
88324
350481
481609
481821
298777
482084
219943
23906
482251
220250
89703
270323
89788
220942
89943
221216
211632
352412
221427
352561
90570
483795
352724
484033
552962
484336
539476
155795
291098
222395
484579
222510
91461
91463
91541
91705
485002
91891
91942
223035
430405
485367
354327
223270
92217
223369
223470
354608
354645
502738
223701
223741
114060
93106
486417
408802
93809
487038
355991
225060
487256
225479
487734
488135
95241
422170
201402
270362
278086
95667
489028
227117
227325
96526
96690
358841
359200
97170
491111
505188
360536
542202
230700
493300
55707
282667
231351
362561
362796
231868
231905
363038
494224
363423
363827
101781
497567
541319
400606
234475
103419
535399
344974
553401
366661
497788
235741
366948
104811
104817
562149
498082
518509
498372
367065
42785
498949
105761
237367
45226
367337
192581
367372
280297
480820
371222
502606
371548
371595
371598
502712
371647
371651
109509
371684
240662
18276
371911
109823
396467
110034
241236
372319
241271
498967
110233
503539
503623
372555
503640
503653
110493
503734
503739
372709
110811
372976
110937
242047
373332
242350
106646
139012
504748
473815
114222
505309
113032
564982
40708
244328
375645
375654
375659
244597
375728
506910
104177
245096
507489
245371
245530
507680
507946
246071
377205
246298
377649
115506
377973
378077
378189
143929
262897
561479
509652
509764
379115
379130
379465
248769
248779
117939
118027
380182
380338
118234
369253
118673
380924
118837
250054
369433
120044
251405
251523
382624
282239
65139
230991
252381
42103
92464
102066
121857
515102
515191
8433
384675
122802
253962
385185
516273
123193
385339
385445
254431
123371
566704
217252
124067
124360
348478
304864
25994
445007
152048
388449
26035
519911
126719
388947
258020
549810
441663
259354
501995
259484
521709
152677
480241
157981
129257
21544
405842
305569
283734
1431
414881
130000
261202
305724
174667
523749
261664
261696
523919
524144
502422
130974
415052
393176
