524325
410266
284012
201
131299
524522
131364
131366
393544
393576
524651
262508
143158
524718
431
131511
77
531
262688
262692
262707
170235
536855
393826
131703
131721
673
131812
722
262869
262884
153041
393997
262935
131865
262951
525124
394058
263006
394089
436481
525171
263043
131979
13124
550028
965
132038
394190
525264
525300
1014
394242
394245
419029
132141
525360
263278
394359
1168
394532
263462
132495
525714
394653
263604
394691
1488
132591
394790
525944
1670
394905
526033
528165
132838
270659
394992
1785
528167
132913
430351
1943
395171
1966
538057
395216
2007
401603
30619
133110
153267
395318
275035
526403
2184
44057
133315
395473
133331
395520
262529
133410
264511
2369
264526
2402
526697
133492
526729
264591
395673
133532
2470
264636
395716
133580
419
2536
395768
2560
2563
133654
2614
415497
526953
133739
526957
2686
131522
264846
527010
264884
262603
536929
2842
301247
265023
536932
134033
396186
265139
396212
527291
134100
134111
153426
177726
3077
527388
265267
13198
396362
527446
519483
262673
134325
527584
265449
134378
396528
3375
134454
265553
3412
396696
527796
3532
134622
134639
527886
174701
265773
527922
396852
134717
396862
527935
396866
396868
396871
396880
3668
265814
265815
265818
396896
3682
265831
3692
134770
396924
3713
396934
396941
134799
134801
528019
528020
3745
134818
134825
396975
134832
134837
393844
3770
528060
134846
393845
528067
528071
134857
528074
397004
546765
397010
265943
3804
528094
528097
397034
44327
134893
265967
528112
3830
134912
528129
528130
528131
153559
528154
134946
397094
266029
134958
266031
397105
528189
161617
528197
397132
528224
528230
397184
397186
135082
528305
4020
397292
13230
4138
4139
528432
266311
4172
4173
528465
528471
135258
135263
135270
266350
397454
131780
397526
266469
528621
528624
135442
4377
135472
266556
528710
266571
135508
397678
135538
528761
149
4490
4502
135585
397736
4527
135607
135608
397759
4549
397772
397777
393978
528870
397815
528900
266769
266773
266777
262917
397859
528937
4662
528961
135754
284770
781
4702
397920
528994
528996
4711
4716
135794
529017
529036
397987
135845
397999
398004
266939
398017
266968
22652
529137
267008
135938
398083
267015
4876
135959
135965
135984
529227
136014
398164
529240
529303
5016
529311
398260
529340
529347
267210
398287
5073
5083
529391
144199
529427
267290
5152
5156
5165
267311
267329
136267
398426
136302
398463
398493
136365
267443
267457
136394
398544
529624
5339
398568
398571
568873
5368
267516
5376
398596
897
398609
406080
437808
267556
136493
5425
432268
523923
136512
267594
398674
267611
529772
136641
529877
398821
5608
136683
529910
136721
529964
5699
5740
267925
267289
530082
547099
267957
267969
530127
399064
268008
5915
5917
530211
399165
268100
268122
399214
137090
399241
399250
153923
137115
268197
137178
515924
547168
137288
268370
399490
399499
22899
6327
404194
268512
6380
530750
399687
530796
6539
6562
399780
268739
399875
268845
525405
6709
399932
6749
137832
399983
6811
268982
416202
6862
531151
269022
269091
6957
6973
401768
6998
138114
269229
1183
531396
400332
7159
531453
569174
269338
269366
138368
531591
531596
400535
138401
400558
148639
400599
285220
400602
138482
531715
269605
7503
138579
419245
379965
531868
400822
400828
7615
400838
7650
531960
269863
532014
269927
7809
394518
154220
532115
401054
13355
401085
401094
532188
138977
139000
532260
139930
532269
506550
401201
139083
139109
401266
139151
401301
401307
270248
401369
139230
307197
139272
270373
270384
401499
8294
532583
401512
8297
532589
8314
8329
401553
401558
438300
401580
270536
532689
532710
132476
139538
8494
139590
8520
139598
401743
8553
401829
139686
139696
8630
23287
8653
270809
401885
272402
126628
139780
270865
401957
8746
382341
8807
8821
533134
402081
271011
139948
533176
139983
533228
533240
8979
140074
402224
563323
271166
271171
9045
271195
547643
140152
140209
533441
271298
402407
402408
140291
271373
533529
271388
144337
271396
402470
533551
394764
26498
140450
271542
140493
402671
1580
9488
402705
533784
271641
140627
1596
271729
9608
140690
140693
533944
402885
140787
271873
271906
9797
1811
271972
271994
140940
541529
140990
272064
541531
141003
534220
9935
272101
9960
272143
10015
272160
141121
403305
534391
534412
23539
285686
528446
534513
10230
403454
403473
141336
397513
272412
141348
10281
141382
534633
403571
141429
534655
272538
272544
534694
563370
10445
403683
35265
534796
534848
534867
272735
10624
141710
10639
272790
534965
403915
10701
10711
535042
23639
403986
535060
404024
10818
404108
397534
404127
141996
273069
273094
404226
535302
404233
154754
1837
535325
142123
273200
273207
16099
460964
11107
273253
11159
535468
406275
142333
404495
273446
404533
142418
23743
535692
11461
404684
132984
133004
528493
23779
535896
535899
11613
273814
142749
11680
404917
273850
11713
142803
11737
404964
536087
11826
274039
274047
143006
143009
536286
405271
12069
143168
536419
274334
536494
405435
405461
548177
536562
274430
274437
12313
548186
528517
536641
536648
274509
274526
143457
12386
405604
405605
395281
405612
274547
405620
536693
12407
12408
405630
12416
536707
12421
536711
274570
274571
274574
143511
536728
274585
405662
405663
143521
143522
143528
12459
12463
536752
143538
405683
12475
405695
143557
143563
12494
12495
274640
12497
536786
12501
405718
12509
536798
405730
274663
536808
143594
274667
405742
12529
284111
405752
536827
274685
143616
536834
12548
143623
143624
536842
143630
143637
12574
274724
143655
274731
143661
274734
143665
536884
12597
405823
405827
12620
274768
274770
405843
405848
405849
405851
405862
274793
143733
264255
405886
143745
536964
143749
12679
143756
536973
143758
274839
12696
536996
143781
274860
143797
12726
144453
274881
143811
274885
537035
405964
12750
12757
405980
537055
143841
274916
537064
537066
405999
12784
526419
12790
12792
406011
12797
143870
406015
406024
12810
406033
537108
406040
406047
417201
406056
274986
23986
406062
143921
537139
406068
537157
12875
12876
143952
537169
537170
12883
143959
12892
12895
406116
275046
143980
143989
118272
406139
406142
144000
406145
275075
12933
537231
537232
144022
406168
12953
406170
144036
537255
537258
406187
406188
406196
12986
406205
406208
12999
13000
406224
406233
144091
275168
275170
406245
13035
155090
537326
13040
13043
275190
406263
537343
144130
537349
275206
2178
406286
144147
406292
417242
406303
144161
537379
13092
537382
537390
144176
537393
537397
406328
537408
406339
406342
275276
548323
406356
13143
275292
406366
144224
13158
13169
13172
406391
13176
24042
537475
13188
537479
406422
144283
537501
13215
133275
351729
537512
144298
275377
13235
406452
133278
537526
144313
480538
406462
537540
401977
275398
395425
13258
275406
13267
406488
13274
13279
144353
13285
275432
13290
537579
406508
13294
406514
275450
526506
406531
13318
144394
13325
537617
13332
406550
406560
275492
13356
13362
406579
406581
13372
2229
537667
275558
406662
275608
275643
13506
266687
13670
406895
526571
406924
13717
275895
406982
275917
13815
407047
144906
407061
407065
407092
144961
13909
276062
407159
407178
13967
407197
407210
13995
407246
407253
14070
14083
407319
14113
145217
538435
145231
407377
407381
276317
14180
538470
145260
407405
276336
407437
407441
538523
145311
14252
14269
276418
14283
407505
407522
14307
145385
276459
145409
538637
538643
264537
14367
276515
145452
24242
276531
145462
276542
538693
247126
276559
145497
276572
407654
276584
407674
407689
14502
145593
407739
276671
14537
276686
14543
407761
14546
276696
145631
276716
407795
407809
407810
538887
276749
145690
407845
538931
14644
145718
407869
145736
264589
14677
14691
538985
14698
276854
145793
145794
276874
407952
407974
145834
539051
14769
407987
276931
123177
14795
14801
276949
539099
408040
145903
14844
539147
14873
14876
539167
277026
408100
539180
408111
433825
277064
277069
14938
277085
14960
408190
539265
146053
539270
168569
2498
408207
539287
15002
408219
408239
146096
539313
288559
15062
539372
146162
146163
277237
539384
146188
15122
408345
539418
539430
15153
408373
408386
15175
539493
539494
539510
277406
408481
15269
277426
277432
15302
408564
146440
146449
15382
146469
408625
539702
539718
539734
408664
408680
146560
15496
408718
146602
539819
539830
15544
15546
277697
539845
539862
146649
15588
539879
277764
539924
408854
539930
15645
539934
277799
15658
264758
535282
408923
277852
550453
146801
15733
540027
15757
408978
540056
146849
540092
277950
264781
277968
409058
540135
278001
258035
278028
540183
521226
15902
409120
540205
15919
15927
300383
147012
278101
175112
278112
147049
147051
409199
540273
15986
409208
540287
147076
147088
278171
540317
147105
147134
16071
278238
278240
147174
409327
264830
548822
540428
409368
278297
147226
16169
278335
16195
548834
16206
147283
540503
409444
16240
409468
16255
147342
278418
262413
540577
16290
278439
147371
262414
409556
16344
278494
147444
278528
147459
278541
558764
409621
278555
428503
409651
133812
147520
409669
409681
528213
147543
550478
16483
409722
278653
286742
16547
278692
2758
147623
278697
278710
16567
147646
540864
286753
409811
133839
16605
279438
16659
147760
16693
540999
278858
16715
409949
160443
409966
278913
410005
147865
541082
541085
541092
16827
147913
541131
410066
147931
410082
541174
147960
410107
147970
410126
279058
410143
410175
279117
148047
279129
541290
148099
541327
279189
279195
279197
410283
279226
17096
410343
17137
410366
541439
541440
148229
17167
17170
17171
17181
155790
279401
24723
148344
279418
410498
541574
148361
279444
17308
17320
148452
410601
279530
541676
22811
279577
2907
148517
527196
17450
419575
17460
17489
279646
279648
279661
410739
410755
279693
279697
279710
541859
148646
17583
17585
17591
148676
541901
286925
279763
541918
157239
148747
17696
17703
148780
148781
542020
279882
542033
410963
148828
2963
542081
542088
148879
542103
17839
411061
148924
542160
148963
148983
542200
280062
17935
17938
280084
542231
149036
134068
280133
18000
411226
542312
542316
18041
288659
18048
18059
280215
280220
155930
411295
149157
18090
149185
280266
411341
18127
280291
18157
411379
411393
411408
149280
287024
18217
542506
411443
149314
542552
18270
149356
411505
18290
411513
149394
542630
542643
149434
411583
18375
149467
411620
411629
18418
411669
18464
550049
18535
149610
149615
18559
253264
542866
542881
18605
134177
542925
411857
411862
149726
280823
18704
411934
149812
411975
543084
280942
18816
18839
412083
549284
156069
543202
412134
18930
281105
412200
412208
19002
150082
543337
281207
543379
19096
412325
135937
550569
543585
19318
281503
19375
543695
543697
412631
281586
19450
543754
19472
125374
281646
543795
543803
543817
412756
150614
412910
19698
19707
412947
19766
281922
524401
150858
19789
19797
281952
413092
282027
282032
282045
413122
150981
544240
413182
282129
282147
20012
282158
20044
20090
413354
413382
20184
544483
544502
20245
151352
48145
20389
544728
20444
536969
413754
537558
413776
151658
413804
20611
544913
20644
413874
151732
413892
282843
151777
149085
3461
545088
282952
200080
151927
283018
545165
151959
545209
156406
20971
283141
68094
152084
545334
414276
545351
134586
152162
281214
25455
21194
21204
545500
152286
414499
21285
152429
414610
152488
414639
152505
283600
414683
414706
152573
414733
283678
283704
283753
545919
283835
283859
21780
283937
152922
283999
546211
153052
415206
546285
549804
22044
156593
415277
153142
153159
134754
153204
153224
22174
546473
25548
546517
415464
153321
546538
153332
546575
153394
415569
284498
284507
415589
546703
415641
546739
265889
22482
22529
415776
415790
546864
428477
284814
546959
22675
546981
22719
415946
265933
547043
547052
284920
546586
284955
284964
416048
153920
22871
153965
285059
22964
416181
547267
154083
154124
23098
416355
23140
285292
550000
23219
547513
433985
154329
416482
416484
23275
154373
285478
547637
416576
3897
416625
285571
23429
547722
416651
416653
547726
547730
23480
154564
154600
416810
285784
278612
23673
23676
416912
416950
419017
23737
285893
416973
285911
416997
18250
154878
154898
154907
285990
548136
548167
286061
23949
155047
417219
417261
417264
24073
286234
548384
417330
548418
417347
417376
286376
111842
286483
557944
24352
155450
155461
548732
304997
286645
548802
417753
548835
24551
24571
417797
417835
155705
417870
24706
24712
155794
549017
24730
155823
549044
24778
286930
155862
157049
418030
549114
418056
123038
418074
391203
418087
415458
280158
419212
155998
24932
418178
156035
156043
24991
418221
418260
156170
25100
25110
418329
288180
418397
156259
418418
4201
287361
287372
25232
156312
287418
25376
549703
549721
25461
287656
418737
25528
25533
25549
418772
156652
287760
549910
549915
156700
550410
549958
25675
287831
156763
418935
550009
25755
156836
419015
550127
550140
550147
419076
157017
25996
157133
434004
157160
288234
288236
288283
419372
157278
550540
157424
550652
26367
288519
288609
156425
419724
26529
550845
288703
541374
157704
26647
419904
157783
157806
157815
26748
551074
375838
288964
289012
551172
551227
158043
26985
551299
420236
118745
551464
27191
551481
27252
551575
266697
289510
27394
27395
553600
31465
27490
289663
27522
289693
158701
551936
551961
420939
552052
550761
158853
524672
290072
290080
421184
159176
552417
552517
421520
28307
290460
159482
421630
421677
290656
290705
159634
290718
421810
290754
44600
28823
379944
553148
422100
158087
553299
419908
29096
291262
160229
553498
160290
29324
422583
553700
291557
160535
291625
254129
524736
144227
423162
135499
306525
433097
145047
136240
114424
163350
27237
294498
556669
294527
425622
163553
556830
158342
518473
294847
32720
27302
32804
389535
5459
295020
163991
163992
426232
295236
295265
295343
557568
33300
33305
426642
295575
295578
33488
557811
426807
520471
307259
5614
33773
558089
295961
33828
33840
33874
558221
564153
289684
296374
34267
165341
529248
296424
558570
415728
114954
34404
34430
34437
34439
296614
427688
165562
558804
165611
296711
34574
565684
165654
165658
437605
427864
558942
165727
427895
558983
427915
296868
296933
428019
428039
296987
34880
34882
559194
508269
166093
297173
166120
297210
428320
166236
538007
428420
35211
35228
559522
166310
428457
166349
297451
166386
166420
35352
428619
166477
166489
297570
428665
559752
559762
297622
166556
166599
428746
254327
166716
297811
428896
166764
297877
428986
35818
429039
297969
560135
298031
560180
429116
167006
35935
35948
560240
298122
167062
298146
298152
429256
560350
560372
560384
167169
36113
298297
167229
298350
6042
167348
167375
36373
167490
429635
151254
167551
36498
167574
429809
429829
167692
6107
429935
36736
167855
298938
36816
36827
561131
561156
36903
430192
430193
168067
168097
168121
312010
168127
168145
37113
430342
430346
561424
561426
37140
168215
168218
430375
37174
561488
299351
168294
168296
430480
430522
430532
299474
430555
299498
430577
168451
561713
561714
430660
299594
561746
168533
37514
299662
559908
299676
389692
561849
561864
299723
430817
299764
561910
561913
37662
168748
508722
332958
37682
329831
542321
37757
168833
168845
299920
430994
37790
431024
385337
562144
168943
168955
245675
37905
37925
37953
37955
6332
169066
433353
169094
38122
562463
300326
38232
431480
6379
562596
38317
300467
38380
169494
431650
169527
508855
169579
246735
431885
431904
300966
563122
563123
38840
300990
301042
38910
443393
432138
28335
170040
301129
38986
301136
568686
301160
170106
159424
170130
301207
301209
268656
301281
6531
39191
432420
432432
563535
39261
432526
432527
563617
563645
170464
432616
301558
563717
432668
432683
301615
301648
170601
399809
301730
170666
170695
39629
432873
432884
432891
432897
39682
39686
301874
114801
39764
301916
39777
530925
433045
433051
302021
564183
302051
302071
302078
171017
302102
399876
171064
433212
171109
40100
433336
171194
429059
564448
564449
302319
433392
564496
378081
171363
302443
564589
433531
302467
283107
564627
564676
463778
564705
302595
433691
433704
40498
433715
171585
302675
564825
40603
433839
171737
171785
434027
434038
565149
565165
171950
171967
434139
171997
40938
398535
303126
565381
565399
434338
172197
41135
565446
41259
172370
565600
565625
41343
41357
303548
41413
172492
565740
303650
303658
41577
41606
303797
303800
303822
172806
41740
434981
566088
303964
303991
303992
172925
263265
134705
435109
553116
566201
304088
435161
41962
42122
566419
566448
42166
42173
304332
173288
566512
173300
435471
173367
42339
173422
435575
435579
173482
524819
304570
42429
173504
173506
173519
173520
304614
173546
435695
435718
304694
304710
42570
304748
173682
566927
435885
435951
173812
7129
567085
42818
567121
42849
436070
42858
42860
173948
291140
173994
436146
305085
305103
154189
305175
436284
567357
43110
305256
400409
43163
436394
567486
174274
567518
174357
567717
43431
305585
567793
43510
567827
436802
138347
174766
568009
568076
43806
43809
305954
132395
305980
160226
43856
437093
437106
306044
568210
437139
43960
43968
306128
269483
44060
44093
306240
568403
175188
568420
568462
44178
175252
568471
175284
175359
437543
44341
306511
568658
306718
44594
568895
44644
44670
175745
306833
437996
306967
438126
44977
553633
7500
307148
45031
438297
307234
45146
247866
307652
438864
45659
307930
398696
267105
45822
176896
307981
45840
570141
307999
439106
439124
176991
177011
308086
570285
570458
570538
46310
439621
177505
46454
563329
414873
46630
177957
309153
178112
571389
309311
309552
571881
440844
178876
310079
441251
270160
572413
48163
572505
179460
423678
180002
573704
311589
573827
180613
573841
122537
254801
311996
181176
443505
181422
532633
443601
459953
50429
181534
574775
445325
443926
161381
575305
444350
128282
270740
401477
505477
292645
576286
52090
52109
123968
249362
41389
276789
390267
424237
162161
19320
517005
416750
168151
416535
417627
162520
319783
259443
386043
125218
315691
162753
272027
415027
167862
202807
272365
61328
534555
272481
244825
434161
455639
150477
119693
521482
456433
247082
195316
457781
326712
382142
64635
64809
90341
196075
65136
458543
327561
259687
513359
10929
196688
196747
535234
328162
128770
66156
197264
459585
459653
197629
197780
11129
460055
197951
460254
390675
67571
460830
67680
67726
194299
508548
68047
199225
461371
68242
199331
461647
461868
199739
408187
68751
512944
129648
331334
462472
69314
513998
462579
401439
535871
462767
69929
332203
70092
201236
463429
70296
201374
463533
303495
155118
124571
390814
464615
333575
542514
333595
295916
71651
121172
571780
72454
277379
334872
73040
20698
335735
143348
467246
386504
336397
4859
205384
143507
63121
337452
536920
143711
337991
536963
449613
384093
253072
384161
208075
406055
517584
143992
318768
519827
449873
187785
41887
88267
203380
209662
122355
166047
408526
275415
144349
268901
50695
406659
536498
122709
349698
460980
35589
472502
516198
275922
538126
284246
214373
28961
516352
254241
215077
286492
443618
429131
84422
84829
84851
29014
85213
347419
347571
123514
522233
158567
123558
123568
34616
348370
254678
217531
276564
298418
217653
86803
517906
87115
254822
87382
480977
350028
218985
350070
123892
481222
481284
350327
350361
481586
382662
350837
151353
351118
220115
220152
351239
482332
274907
14864
482464
487434
124106
383605
408139
337975
482819
522362
89652
351979
14985
257231
352213
352247
386389
354342
90237
471966
90258
352421
221379
352454
277218
221654
484108
484289
484324
91123
484355
353519
222594
484899
91696
85981
223007
501785
485259
37186
92122
92216
485499
277553
517856
182027
354846
354874
9460
224029
355236
486545
221335
277709
93424
532219
93842
37519
255978
356384
487476
515638
260654
125098
516517
357435
387255
488689
488955
226904
256366
96414
96622
358980
6101
490126
300169
570629
391686
532245
97724
97858
260772
128969
308783
147429
98190
15843
98554
133510
125686
396105
282482
228657
378661
540892
283650
300684
493454
401707
100448
260852
252937
362865
453697
363102
55737
388203
322691
213477
232420
344579
39083
344599
563053
494860
300955
497567
271638
102225
388417
213669
162930
322972
233901
68895
432216
448609
103089
82766
213863
497028
497033
279457
388696
366139
13959
476145
497709
122029
236078
519950
498372
8305
279749
236910
389112
520195
106521
389145
401846
378921
369529
500603
369966
520434
501271
86526
239499
108463
370827
236571
542412
371015
108879
502140
108991
109119
240234
371317
502409
495905
502543
371532
502712
371651
371702
371703
109560
389638
371791
371874
372003
240944
477079
492489
110094
566690
241345
372443
520843
503706
458135
503906
110693
389824
180555
504178
504211
373461
84089
373487
242457
389935
111388
504639
111436
504673
411109
504951
127856
111799
505100
243017
374181
237129
326706
374258
541944
354546
243287
477467
112358
374553
505768
505932
374873
506061
375153
244254
558066
455791
375492
110136
375504
506599
113449
458248
244585
488706
113537
244614
40771
505701
506783
375729
113599
113617
266299
113698
197246
113851
565115
245002
390366
245062
245075
114052
507460
114249
245336
245409
376557
245496
259375
245598
245697
346795
114697
114705
325482
245839
114820
508053
40987
508092
114880
281293
40995
508244
377213
377237
377252
377297
377319
198042
377342
38752
246285
115251
115296
246390
246412
377543
41079
26166
239745
235579
508809
508840
377901
377914
246875
509030
246918
112409
115992
116026
509255
247146
466505
247224
116155
116339
378521
247475
84938
378588
237861
378621
570856
378827
200289
106851
247893
258283
225113
543769
379093
248031
41340
117040
248150
510313
305055
510771
510813
172543
379940
117871
511127
380192
249139
511346
118207
511455
281855
249451
380524
128972
238210
191625
249730
249805
511977
118777
307990
118848
217822
250026
250067
119021
119036
512418
473983
512582
575163
119555
512941
134924
250941
513124
382100
513188
136971
251114
120188
382361
544325
513573
120416
382731
382736
120655
120697
63812
260430
382947
260439
251937
392472
173089
514340
383390
383404
129437
194975
252391
393027
514546
121365
252470
252492
383569
216856
121556
383756
383816
435342
121706
543480
384034
384037
121951
121954
515181
209195
515234
515260
253143
253166
515354
515392
122182
253266
122267
384449
384499
515572
515581
156835
253522
384595
392520
384617
142225
515702
409982
340318
122667
515896
122694
544737
515916
515928
515937
122724
475674
122750
384924
178016
274690
253971
122937
385084
122948
254071
385144
385146
385178
270333
254194
516364
516380
420028
123214
123260
254387
254396
516570
385519
516697
479333
254585
423107
254599
123532
123544
385709
123614
516840
123674
566746
123692
385837
516917
254774
521944
123731
516996
385934
123797
479387
479388
254902
517084
517113
285296
123920
386239
217293
326533
413918
124224
255306
386408
517485
386429
255422
255443
108123
124456
386602
124477
255550
255610
386684
475588
255660
255674
386783
517869
396958
386856
518025
124811
124834
124841
124934
124935
435889
125036
130069
125116
217465
217471
387335
379520
458082
256380
22135
88155
523358
125552
518769
518774
256643
518843
387812
125672
488243
125693
562845
387901
387932
256884
125822
287884
388019
455995
279291
256967
195748
519168
519218
43477
126067
257149
86549
52208
126096
126126
126198
126230
1390
257308
126264
519548
126352
200416
126375
414279
261364
222439
388714
418844
519929
283263
519942
388882
200625
126798
257874
389048
389074
126931
520176
126978
201634
389226
389228
258160
127115
91523
389262
389352
545493
520457
127268
258364
195978
258397
327063
453787
127393
458147
501841
258544
549810
127515
520800
520808
127612
127699
296675
542589
557952
118535
318501
258931
100277
523754
118186
239769
127965
127986
127994
14835
390161
246137
521281
370873
259187
152425
390345
498406
259348
130607
128286
259359
259420
390524
545689
521649
390597
259551
128482
52288
145757
521775
128560
390773
390792
390806
523890
259776
390856
86989
128729
521950
521976
521981
506209
174391
8414
260050
567630
129004
522234
522256
260116
260129
129060
260138
245271
391237
152588
101243
391272
129129
391325
344735
391439
196312
129331
260407
260415
129370
39225
260500
506232
522722
8677
414802
349268
522758
91604
129568
391754
260702
138265
311615
240062
129672
458519
391823
371143
523007
391971
414868
327490
174574
523186
523262
240129
87214
523320
130111
523334
130122
165820
174605
392776
392326
174615
305693
445073
130245
87248
524167
458637
130394
261477
392571
392615
523689
261560
175180
567901
392780
261750
261788
523937
130735
240243
130741
523989
130807
261902
130869
261955
524118
262041
546130
131058
