9
524352
288061
89
262239
131172
524389
110
113
262261
127
393375
524467
524486
393251
262359
524518
393486
131352
160615
131374
308
332
524625
524645
262519
393608
262552
524710
131498
450
131547
26190
131565
43774
546218
480683
584
605
262770
393854
643
393867
335940
393924
714
525012
735
393954
131816
790
262954
262962
394036
131909
853
131927
525179
532501
263041
263047
909
132000
132002
525232
394172
394186
394210
132077
394244
1036
394269
394276
263212
394330
132196
48047
525424
437102
394412
528147
263407
1264
393428
415275
263446
263450
263462
394572
394595
525668
1386
394627
132494
132500
132520
132529
306080
394697
525782
1507
1526
263677
1536
1558
263703
394794
132654
525876
263734
132668
132669
263744
525898
284259
263764
131342
132698
8731
394879
394880
1697
263878
393508
1756
263924
526070
1810
395030
526105
1822
1864
526165
264033
1906
1947
264092
526247
395192
133063
401602
1994
133071
395225
264158
526350
395292
2083
395321
153270
526433
133229
524649
133281
395426
2217
264362
264365
264371
395445
526522
264395
526552
2270
395504
262529
72466
2347
262538
2389
526681
133486
2429
133517
264618
264620
306249
133634
395791
2585
264733
306267
395822
395863
395888
2703
395926
395933
306288
395965
395966
2752
395974
133835
527056
2776
395998
527112
2843
396082
396097
2886
396106
265052
43742
265070
2964
32301
527267
546631
2989
265145
265179
265187
527338
265196
527345
396284
396287
134144
527364
396294
396296
568492
524802
265233
134169
546651
134188
396337
265274
3131
265277
265292
396366
265297
134227
396372
3160
527453
134238
524816
134242
265316
3178
265327
396400
265329
527477
134271
396420
396421
265356
134286
3220
527509
3224
527520
134306
3236
134309
265382
3242
396460
527533
3249
134327
134334
3264
527554
134339
527557
3270
134344
527562
396494
3286
265432
527587
265444
265446
265447
265451
265453
265454
134389
3320
3321
527615
527618
396550
527623
527624
527628
527637
3353
546695
395284
396596
393781
176587
3442
527751
3464
396685
283715
527822
527834
3579
396838
265781
265810
134755
134772
134782
396927
134849
265934
437542
524924
265964
3827
266001
528151
3870
134955
397104
3899
3911
134986
3915
3917
153577
3992
436585
528299
266165
4065
528355
528358
135149
266240
266242
528449
135242
528466
545705
266366
394970
135327
437620
284703
528587
175480
135392
266496
528642
135438
528667
288204
397619
306569
4410
4421
266587
65616
528756
266622
135576
135577
397735
266676
135626
528851
4578
4587
528880
397813
22612
528892
528915
4642
397860
528944
528971
4714
266859
4719
397942
529019
266885
135822
4796
529087
398036
4830
135907
529126
529140
568788
398098
398105
529188
4904
398124
267055
462803
398157
306661
529260
398202
267152
529300
267176
267189
529345
136142
267216
529376
5111
262997
267266
136200
529427
529490
398419
267348
568848
415933
136310
136331
267417
529562
398494
529572
136360
267435
136384
5335
529630
5345
267516
529661
267540
401569
5472
5483
398704
5508
5522
529864
398799
529879
529886
5619
136699
141447
267852
530001
530002
530019
398957
530047
136832
136849
530081
141448
5832
268014
136949
399095
399138
399154
268095
437900
399191
399203
399208
530287
268151
268159
137100
268213
530364
530386
137181
153938
6151
530447
268317
399392
177381
399472
44734
268406
268430
137378
530599
569037
268516
530684
399615
394283
268548
569046
6406
530713
399650
530729
399668
6465
44774
6512
399747
530832
407687
268715
6572
530869
137666
137681
530903
530904
399841
137704
6640
399862
530966
445404
154037
6725
6747
268900
6792
6800
531137
1145
531190
145820
6945
138025
269116
438071
138092
269174
66708
138117
569725
138166
531444
400377
138248
400417
269364
138310
531552
269434
175978
138367
138385
269458
138387
400571
138435
436698
400625
416297
269561
7420
138501
138514
138529
7476
400726
138591
7539
531831
269693
1261
531860
400809
400818
400869
569255
531948
531958
138780
44569
307125
7746
269903
532062
401007
269946
532106
532137
270004
270024
401109
7921
176084
65732
7944
7946
532263
532286
394550
270186
8043
270195
270202
176106
139173
532397
197962
270290
263503
1360
401390
401392
401400
139258
139270
532495
532505
8223
270369
263516
532577
139372
532595
532603
8321
139429
26466
8396
139469
23245
532711
8429
139503
394623
307242
270605
45101
416473
535143
12930
532789
401721
270651
401735
270688
401766
270703
139639
532866
401821
139711
139728
139748
401910
401944
270873
8733
533045
139865
416528
270956
402087
285470
271058
139994
533220
402167
140028
406199
402224
402228
402264
45204
9095
402331
140188
533451
140244
402420
140284
402447
140304
140328
533568
140360
140373
533602
271473
271488
271495
402575
132638
402621
9425
271591
271604
9462
9488
410581
533800
533808
416648
23434
9556
402776
140633
140655
271736
140666
533888
271753
9620
533917
140708
271803
9723
271890
9760
271930
9789
140867
416697
284021
534124
9843
140919
271992
9866
285634
534168
140954
272034
458604
140984
272058
9919
140999
272082
272100
9983
154585
272155
272157
176392
272176
10037
10046
272203
272217
534366
154597
141160
403306
403358
272297
10161
10176
534468
403423
419334
416767
272426
272439
272444
141386
272480
141413
141414
10343
272490
403567
403577
403579
403580
403590
403593
534672
10388
10405
10407
403627
10420
10421
141494
272569
403644
10430
534723
403652
141520
403677
534751
272613
10471
534771
10484
23594
141566
10495
10498
416811
272647
272648
403730
403739
272670
403750
272679
403754
10539
10540
10545
13969
403773
272706
10566
534855
403786
403789
141648
141652
10581
132836
141659
141664
534881
272740
403813
272743
534892
534896
534901
10614
526057
403834
141692
10621
141695
534914
10627
272773
403851
534925
141712
272785
10645
141723
403868
272797
10654
10655
403873
272803
272804
272807
534954
534958
403888
272832
10691
534980
272837
272838
403913
403916
272846
272852
10716
10719
535010
403940
10727
10728
10732
10733
10735
141809
272882
403955
141827
272901
10759
141834
403981
403982
535056
10769
569774
141848
141850
161846
141852
141855
10784
404004
141862
404007
535089
141874
535100
272957
535113
404046
404050
395022
404059
404065
535139
535141
273001
141931
141941
10870
10871
535164
10877
404095
10881
535174
10890
404110
132888
404114
273046
10907
141988
141994
273075
10936
273081
535229
142014
142016
404163
404165
273102
153123
142034
438734
285817
10969
142047
10981
404205
10991
404208
535284
535289
11004
404221
142080
404227
404235
404242
142100
273174
404254
142113
547974
535335
535340
273200
273205
11065
535355
404285
535358
273217
535389
535393
273250
153128
142187
142191
142198
535418
273276
535424
11138
535432
11146
11147
11158
273304
404377
87662
535455
273314
142245
404398
142263
273337
142274
142276
11205
404424
535497
404428
142287
535510
273371
535517
11231
273379
535528
273387
11244
132946
404473
11258
142342
11271
11272
142349
535573
404502
395097
404507
11294
273439
11297
273445
535592
535593
142390
273466
11323
11324
11326
142402
11332
11336
142413
273491
142420
273497
142426
142428
142431
404578
404585
404592
535666
404596
535676
535679
273537
142470
131315
404629
273560
273561
11420
273591
404666
11504
535820
273677
438835
273716
535874
45622
142689
273808
142746
142767
11720
536010
536039
142824
536058
536059
11774
405060
187752
536167
142970
405133
405141
405207
358558
274170
536317
536322
12044
274203
405278
569989
174421
12103
536392
405324
274254
143186
274267
274271
536417
12146
405376
536494
569214
536509
405451
405469
143334
12281
536575
405543
143416
405563
274499
405579
274518
405613
274556
274559
12428
12429
143510
143532
274633
12490
419410
143621
143623
12612
536935
536960
143764
12711
12735
406004
406034
12838
406073
55951
275014
143958
275038
4794
406121
537222
537235
537248
176925
144049
45854
144056
144079
406230
144093
13045
406282
144139
400410
406296
406298
537371
413841
13121
13129
155106
13144
144467
406375
144246
275339
406420
537532
13283
144358
406509
144371
406518
144388
166296
144431
537648
144436
275511
537774
144560
406710
406753
133329
24105
275708
13568
537866
395480
13595
13603
537924
275795
537944
144747
144760
2284
308121
13720
13731
144817
275900
275961
538108
538116
538182
407135
407139
276069
276077
538223
13949
407173
538270
407238
14036
538336
145140
407301
2349
145180
145186
145188
145189
407346
538422
276295
145262
14203
145313
538537
538544
145337
407482
145351
538580
538588
14329
407550
276491
538640
538691
407626
538701
570385
538735
405121
407685
92138
407734
276664
538832
428208
177193
407808
14676
538973
539026
407963
276895
145845
539071
14791
14812
276961
276972
145911
146015
539233
277096
408177
277122
539297
277156
146121
539372
15089
146186
277267
277284
146215
146219
89906
15151
146226
15156
408405
439439
408425
408431
15219
15239
570522
15266
15269
277427
539573
539589
539596
264699
277481
439463
46250
15374
146449
539682
539710
306490
539737
358405
277616
146561
146584
539820
539851
408795
408829
15617
408838
539915
266756
146711
277795
277821
15678
146760
330295
277857
408946
15794
540100
146907
439546
277990
277998
409091
409092
409097
278029
409102
146972
146988
540211
268333
409194
540270
147060
147073
439576
147092
16037
540342
16072
278219
278258
147187
278260
16125
540436
409375
16173
2697
540496
16243
16246
24554
540567
16283
329191
278467
540617
409546
540633
540664
16383
540679
147492
16424
409658
308575
409678
409706
540795
409739
409754
540872
147659
278737
540890
278752
409834
548906
409862
278796
147743
395995
147753
147778
147826
16757
16796
147873
395096
541117
295428
396029
279065
279073
22194
417885
16963
410182
541288
541293
279182
410256
148146
17076
541367
17105
410331
410345
541422
17153
541450
148965
527155
17205
24714
17216
410441
17236
14954
427835
148343
410509
148373
279450
17312
323553
541677
541712
148502
279578
279584
541730
419575
165350
148541
410708
410779
541856
17580
410808
279753
410845
541938
279803
279881
542060
148852
542070
148858
279941
279946
279978
542129
279990
542138
567982
411083
280018
148969
280051
411171
17967
527283
17985
411212
18011
411247
280176
134078
18041
411261
411274
280228
411321
280254
280267
280270
149212
411358
149221
149223
542485
411451
18244
149327
280442
542591
134128
542630
280490
280508
284307
149498
542715
18432
18460
18466
411703
18495
18529
542824
18542
411773
418155
18564
149645
280765
411883
280814
280829
149817
18780
412009
18802
418196
149921
279957
156060
281005
543164
412101
412112
543194
281051
281066
18940
18973
412190
19023
412277
412281
19074
265324
281237
281246
150185
150192
19123
150300
543520
543534
281406
412491
35558
150354
150367
550572
412516
412555
412566
543645
150442
150444
543661
19380
527518
19391
281557
281578
19489
412720
150594
543814
483855
281700
281701
410916
412780
543877
412806
412815
281756
412830
281764
90912
19637
281790
543942
543947
412901
19695
544018
281906
544086
544089
150877
281961
19818
413037
544113
281970
281996
282067
151017
413164
413198
413206
151100
20063
23702
29356
151214
489497
20156
413374
221814
527649
544457
266908
20202
372862
151328
568062
544556
20291
544601
282466
413539
413572
20384
151466
544687
413623
413628
20418
282579
413665
151523
282603
287400
544760
151546
413699
151563
151566
151567
544785
413716
20513
282661
20524
20528
282708
151637
20576
151664
282737
151669
170902
20601
20619
282773
413847
20677
325793
544968
282828
413903
20702
544994
282868
151801
282889
413970
151830
413984
545066
151864
151869
282943
20818
151892
151893
282978
282981
282998
283004
545160
151945
151959
20888
545187
283059
20917
152003
549626
20962
545251
152090
21020
545325
21079
545375
545381
21097
414314
283257
437156
134599
152261
152273
545507
21223
414471
283403
21260
414479
21280
21286
283431
418611
283445
283479
414552
545632
142
152431
545651
21364
545659
414588
283524
152479
283557
134643
283584
21469
283624
152578
414747
545849
571573
283720
265745
545929
152724
545982
21698
152781
546018
283875
415008
546088
21801
462395
546151
21868
21968
415201
153064
284155
546311
22026
546361
69215
22080
134752
153162
153186
153219
415378
309531
546494
415429
22340
284494
432832
153476
22411
22447
22448
415694
153591
153616
153674
284756
153710
153736
546984
153845
153880
416047
547165
285091
416172
547265
285170
547315
416286
353378
285358
416450
23280
154382
285486
23450
547752
91295
402563
547944
547999
69488
154815
416973
23812
285998
286000
53170
286116
286137
24023
24026
548351
417293
417369
69569
548545
155448
286619
286773
548936
286802
548971
286876
550258
286953
418114
549199
287213
287249
156202
418394
419834
156323
550359
287541
222688
418722
156604
156608
179025
25665
418894
156776
418927
550021
287881
397203
156939
25907
419145
157026
550394
26208
271157
550532
157344
419501
157397
288506
186103
157491
419664
419678
157645
559544
26662
192216
201104
26995
446231
398073
289245
551413
289282
27142
289428
420575
5277
551795
157512
289739
158726
289852
135694
158818
552114
159198
552520
552565
28288
454969
421639
489778
28589
421944
157707
28782
306475
28802
422067
553176
183805
29041
160142
419908
160181
275700
422427
553528
398093
29285
422528
29323
160428
160629
29706
160848
554125
160926
160938
29931
161051
423214
423222
35916
554398
292289
423534
280340
423796
292767
136185
179968
161812
161941
424137
555263
293169
293362
555514
293371
162343
555613
424637
162573
575772
293820
158197
162813
424979
31812
556203
425141
425175
425218
425242
420406
294323
32242
163362
556636
556745
556752
354938
425721
556838
294734
32629
401402
27299
442364
163818
136539
294978
557174
32903
136396
557205
163999
435620
529786
202115
539767
33172
557508
295394
311383
557589
295626
306632
5589
164691
137788
164918
558142
296002
296153
267815
296187
427335
165267
296410
34279
558748
558798
558910
558968
427909
296894
428006
34837
145192
573815
35097
428340
538007
559497
136953
35361
559652
297509
180123
35382
166533
428778
166678
428834
35668
560052
35817
560137
565004
35945
429319
36123
560489
560517
429448
560532
167346
560573
167397
560644
568599
429606
560691
429745
298698
167645
298853
36750
167848
168083
37015
561346
430285
168207
424596
430476
37286
168368
37326
561630
14337
561643
299527
37429
561761
299712
561891
561988
37708
312126
37782
420253
168963
431112
300103
421393
38033
38046
38226
169334
290378
44922
169600
562826
431808
38730
334139
563164
170008
170045
39171
563494
432522
301591
563743
432673
563746
301764
432956
171075
171099
433301
302249
433405
181468
171330
171353
40338
171449
564677
433607
564680
564681
40398
40418
564729
334423
171536
302712
421825
433854
421840
40675
564966
433900
1355
565002
171808
302903
565116
40830
434053
40844
40893
171966
303076
421884
50518
172040
565264
40988
565313
41027
172121
6842
172135
434299
303258
41123
41152
303311
448944
176600
41272
565564
303429
303431
565594
172387
434539
303519
41398
172509
41456
41482
574901
434753
434773
303703
303708
324995
172680
565918
434857
41645
72485
109390
41730
41737
566099
435046
41831
435076
435098
304047
172987
304078
435152
173070
435218
304150
566319
42042
435267
566385
42109
173185
566489
42209
173284
304385
304391
435492
42277
566575
42320
159972
435548
422117
304519
304523
42427
304587
42463
304608
435716
566798
42513
566844
28942
42585
422161
566897
173684
304759
304777
42634
304789
435869
72646
435886
566988
435920
567008
42725
42731
304887
444033
304909
173843
567091
42808
436038
567161
436108
436117
173978
42921
567224
305082
174026
436182
436185
154189
174048
567268
567301
43029
567342
305219
436295
487778
567389
436321
313019
305278
165265
174228
525180
43190
436440
43251
43256
436479
436504
305445
305460
436539
174399
174470
567706
436662
174526
305600
184763
567754
436717
305660
436744
305685
174623
305702
174632
305772
436859
174735
174749
305826
174773
43739
174876
174889
174892
174896
568113
568116
174901
305975
305991
568143
437080
568171
306031
174967
306047
568240
306113
43971
437282
44080
568369
269493
568396
437336
306275
175217
531646
306305
44204
306359
63143
568549
44266
44267
306420
175353
568572
175359
437513
506576
44337
568640
175430
306511
182164
306557
306561
306570
568731
550222
437710
553554
175600
568840
306705
437783
568880
568886
437817
44606
306758
437849
306791
568962
44682
437904
175798
437944
466210
44751
175855
138536
569088
438026
44816
44827
44830
569143
569148
175946
44878
307025
438101
44913
307061
569223
44946
176038
307113
176113
45058
45063
307238
307240
176174
307249
176194
176195
438349
569442
73064
45183
176265
569492
438422
45237
438462
176321
569567
307502
45361
307567
569742
569747
45475
569769
438701
176558
569775
45493
176568
307662
438753
569865
307751
30855
307759
569919
438855
45672
176769
569987
438922
488215
570015
570019
307884
307894
439003
45792
45808
439084
176945
439118
176985
176996
45946
177050
570280
46014
177088
177090
308180
308208
570412
503456
46146
308297
177245
177254
570474
177289
46223
570518
177314
177325
570545
439479
308432
439506
570608
570620
308488
308522
177472
46419
46441
308608
46524
308687
439784
570870
308758
308760
570968
486018
309087
440160
47001
309163
47054
532132
335525
440313
309267
178198
571513
47235
309386
47288
571653
571787
571885
178674
178763
440919
532239
47735
572100
310021
71434
310289
179242
554169
572565
577725
310450
572602
48340
441605
48451
335767
310672
488686
179618
441772
226555
48616
48661
441900
154680
10799
573018
181453
48908
442148
442185
442232
442400
442443
311388
442461
311478
49424
311771
311999
312139
181098
443254
443296
579065
312247
8356
554502
443465
312403
574667
574755
181551
50480
445785
181584
574812
574818
50536
443875
443880
50667
443944
312896
181829
575060
181909
50846
313015
554619
575206
50927
444168
50954
50961
444214
74041
313209
575361
313244
51110
182189
444397
444409
444448
444664
444744
575842
554750
313932
445099
445111
445143
445187
52012
560391
314190
445308
314298
180682
183292
576526
183372
314447
52324
96105
183427
554860
445607
314558
52437
445670
401980
183692
576950
577087
394565
161719
183888
577225
577278
184106
315202
446471
446506
53351
53361
577762
481879
184610
546791
184669
446834
446884
53722
53756
184835
407693
578184
447151
578231
447253
424068
54124
271167
533316
578497
451359
578805
54521
447741
578945
316826
447913
579029
185820
579051
579057
185866
185983
185991
249455
579312
55033
55128
55202
55232
448530
186405
448613
55445
579736
55468
186614
55627
580026
186952
449154
96723
442687
318328
56289
1875
187400
187465
449776
56647
223023
227976
67373
141581
147823
224537
89238
228211
71792
220190
359363
228435
322112
333704
228956
453357
191249
31885
60378
60450
322625
322725
315944
453918
578108
191854
60999
150427
61139
192236
192273
61307
61488
192652
323734
192692
163197
192780
61832
403547
455294
561687
537198
193359
193384
324626
534711
193640
455809
193710
578449
449088
324981
325080
534786
325149
28287
456372
194231
277070
63238
2106
412371
456554
325486
534849
360092
325567
534859
394921
456736
45999
194725
325809
63691
457020
534941
360179
457335
326300
326320
195317
326390
272859
326477
425788
457638
34827
64634
272940
360334
196112
196117
65085
268403
10851
65166
535160
458522
458583
458642
152320
229362
65463
54555
458756
196619
327695
196888
459037
65835
65836
451727
459189
408099
66034
556497
328314
66171
197264
66273
491659
66406
328571
459659
197540
66566
434305
197739
66670
197897
460068
66866
66883
97330
198169
67261
329476
329501
460578
67379
329558
535524
329602
11256
329784
329869
329919
67779
67798
461124
67987
68048
342703
330420
68305
68344
142466
461600
199460
330650
330677
68565
461835
461841
68633
68788
462022
199913
462071
331146
307814
69052
164435
200206
317365
69290
69309
293386
200500
69468
69562
69661
331885
69770
463004
164553
273783
332003
463102
463140
332072
201035
332135
463232
33517
70094
552265
201436
201446
463593
70479
324315
332891
201835
463989
70910
333067
202008
464166
333164
333201
202131
290425
333225
202158
202226
333337
202364
464519
464695
71657
333818
71678
202755
202762
464923
71716
202800
333918
71838
334039
334056
203021
72229
203076
203086
465301
465466
552336
334432
203388
334476
72370
203481
361594
334616
203602
203611
334714
334736
334755
72626
334798
55808
186881
99511
137724
466035
72821
466058
72927
466145
72955
204052
211927
334136
46078
204203
335316
449104
335351
466432
335376
222783
73264
335534
204467
492851
135397
335749
73626
246779
335799
335860
143358
73721
467037
73904
336058
336078
580306
74002
74051
205124
205126
2466
467300
74138
74150
336354
467447
336385
569867
74544
24305
205794
468422
279777
75628
337819
430257
76207
207317
143789
493339
15644
469870
452102
470055
77649
546952
77785
273197
297019
537422
78859
168480
570457
297273
166207
556954
79887
268901
80246
473491
80385
473745
537761
559619
343349
212311
474760
68183
475313
79269
482841
247157
275969
476191
560004
560131
346178
430531
477605
215546
215569
215587
215625
346823
216042
347167
216160
85171
531290
210844
216694
347796
347884
85790
216954
14366
36221
94527
86282
479563
217429
479666
348609
98904
145526
480014
348957
86820
348966
86932
103280
80040
218145
218179
419980
349322
349337
385913
142570
480779
480831
87616
87652
480939
218807
218809
349914
87901
350059
350061
350063
481165
80200
531308
219064
350165
88025
350206
350253
276829
350280
88146
307552
36542
88192
481452
219349
88324
88330
481609
481652
219523
219565
481804
350733
219680
277916
7318
350854
88723
58482
186265
88759
88773
350940
219869
347754
482084
219943
482122
482195
298827
482251
89051
89052
267700
89112
220213
482363
482371
220250
89230
351473
482728
220736
220763
220843
89788
220942
89914
89943
483162
221223
90122
90139
352316
483418
308524
352484
221427
321879
90569
90570
352724
352758
352807
352814
90744
90782
147054
90862
353197
222251
190026
155795
484476
484598
92909
91463
222664
91595
353803
353919
485002
413324
91891
223006
91942
92006
485234
485246
164552
430405
485342
223270
334774
561577
354827
223831
212082
142761
486250
355194
93106
486345
452441
93246
93279
486581
486628
486638
355629
355638
486777
93644
355796
355918
93809
487038
355991
356213
212302
299923
487414
356344
452615
225468
94459
499054
356671
225604
487766
540057
125015
225835
356916
452719
343598
488345
226262
95241
95258
15881
95292
221400
201402
357584
95535
226611
95562
270362
168858
357837
489028
174358
59933
489195
96008
37847
227117
227127
227185
358265
227307
227325
358484
489573
227456
96466
358675
96568
96628
96690
489978
359005
227946
227975
227978
132453
96986
359200
505152
228160
490312
490356
225337
352399
147278
490496
193495
191031
490872
465734
548821
97795
491018
359968
278224
97999
229075
190938
89166
491272
229172
98123
505188
229378
360485
360555
229525
229541
98478
360637
229596
98720
360870
98732
492078
229975
361148
99008
230094
99062
492321
230236
278675
361359
99222
361490
99417
230507
361593
492731
313198
230700
361858
230931
362118
295753
278816
231142
493300
55707
125541
231253
282667
231387
231395
465050
231448
100386
231500
231987
493698
493707
231593
100717
231868
231905
363038
453734
494224
431915
363303
265253
578169
495312
265273
541319
495553
495599
364720
233932
322979
103287
365479
234475
103427
535399
170323
497788
366948
104817
518509
498372
77699
42785
237367
45226
345417
367337
192581
107051
395259
17877
214526
280297
22178
109164
371684
109561
240662
371927
109823
396467
193095
241236
241271
433441
503539
241421
503623
503734
503739
110809
110811
505611
504108
373101
242047
373153
504271
504284
242291
373461
504616
505234
505309
466390
112673
112720
243824
564982
29559
506555
375728
244675
244782
244844
455945
245354
245371
245530
114917
377205
246298
115506
377669
106639
378077
412545
247167
143929
247296
509490
509563
509652
116502
116588
331225
378907
247849
510063
247977
543830
543833
565771
117939
118027
380182
500273
249132
249141
118140
380338
118234
380420
249435
57503
511693
118783
259170
91257
250225
119195
512547
250533
119525
381810
250749
120044
107424
251405
251523
513744
282239
30203
414284
252381
383576
42103
121857
515191
384173
384261
122350
384675
122584
253773
122802
254025
385339
254431
217252
123967
400613
123995
124067
124360
517597
255568
372748
386784
517931
124914
304864
518510
479651
64659
445007
431917
519489
257723
126719
388947
520087
258020
520349
127921
521218
327176
390374
259354
545675
501995
521618
259484
390581
170139
480241
391219
129246
129257
129510
391733
165674
1431
351268
414881
392362
152819
261664
502422
131044
