9
524352
288061
89
262239
131172
524389
110
113
262261
127
393375
524467
524486
393251
262359
524518
393486
131352
131374
308
332
524625
524645
262519
140539
393608
262552
524710
131498
450
131547
26190
131565
174845
546218
584
605
262770
393854
643
393867
393924
714
525012
735
393954
131816
790
262954
262962
394036
131909
853
131927
525179
263041
263047
909
132000
132002
525232
394172
394186
394210
166201
132077
394244
1036
394269
394276
263212
394330
132196
48047
525424
394412
528147
263407
1264
393428
415275
263446
263450
263462
394572
394595
525668
1386
394627
132494
132500
299544
427771
132520
132529
394697
525782
1507
1526
263677
1536
1558
263703
394794
132654
525876
263734
132668
132669
263744
525898
263764
131342
132698
8731
394879
394880
1697
263878
393508
1756
263924
526070
1810
395030
526105
1822
342353
1864
526165
264033
1906
1947
264092
526247
395192
133063
401602
1994
133071
395225
264158
526350
395292
2083
395321
153270
526433
133229
524649
133281
395426
2217
264362
264365
264371
395445
526522
264395
526552
2270
395504
262529
2347
262538
2389
526681
133486
2429
133517
264618
264620
133634
395791
2585
264733
306267
395822
395863
395888
2703
395926
395933
395965
395966
2752
395974
133835
527056
2776
395998
264944
527090
133879
527096
133883
133885
396039
527112
527118
2833
133908
133909
131030
2843
527134
262619
264998
2860
396080
133937
396082
133939
415540
265020
396097
527173
2886
396106
527181
527183
2896
157219
2902
265052
43742
527207
415548
133994
265070
527216
134007
134008
265084
396159
396165
2951
527243
265100
134032
265106
396179
2964
134037
32301
134039
265115
396194
527267
134053
2982
2989
265134
396213
2998
134071
3000
265145
134081
527299
265158
265160
265168
527314
265173
265179
265184
396257
265186
265187
527338
265196
527345
265207
134137
265211
396284
134144
265274
265292
134227
396372
134238
3236
527533
3286
265432
467113
265447
3353
546695
396596
393781
3442
527751
3464
396685
527822
527834
3579
396838
265781
265810
134755
134772
134782
396927
134849
265934
524924
265964
3827
266001
528151
3870
134955
397104
3899
3911
134986
3915
3917
153577
3992
44358
528299
266165
4065
528355
528358
135149
266240
266242
528449
135242
528466
266366
135327
284703
528587
135392
266496
528642
528667
288204
397619
4410
4421
266587
65616
528756
266622
135576
135577
397735
266676
135626
528851
4578
4587
528880
397813
22612
528892
528915
4642
397860
528944
563178
528971
175546
4714
266859
4719
397942
529019
266885
135822
4796
529087
256664
398036
4830
135907
529126
529140
568788
398098
398105
529188
4904
398124
267055
398157
529260
398202
267152
529300
267176
267189
529345
136142
267216
529376
5111
262997
267266
136200
529427
126743
529490
398419
267348
415933
568851
136310
136331
267417
529562
398494
529572
136360
267435
136384
5335
529630
5345
267516
529661
267540
401569
5472
5483
398704
5508
5522
529864
398799
529879
529886
5619
136699
205313
267852
530001
530002
530019
398957
530047
136832
136849
530081
5832
268014
136949
399095
515210
399138
399154
268095
437900
399191
399203
399208
530287
268151
268159
137100
268213
530364
44704
530386
137181
153938
6151
530447
268317
399392
399472
44734
268406
268430
137378
530599
268516
530684
399615
394283
268548
569046
6406
530713
399650
530729
399668
6465
6512
399747
530832
118060
268715
6572
530869
137666
137681
530903
530904
137704
530966
445404
6725
145820
393724
176397
531444
400417
531552
269458
275211
138529
7476
138591
1261
400809
531948
427981
269903
558917
40205
532106
44998
532137
270024
270186
139173
139258
139429
301431
8429
270651
401735
270696
270703
139639
532866
401821
139711
1455
416528
533220
402167
130545
402224
402264
45204
402331
140244
402420
140304
140360
271473
402575
140460
533677
533682
533684
9409
384391
9413
402632
271568
9425
533715
271577
271580
140512
271586
23419
9446
271592
402665
140522
533739
402668
140529
533751
9465
533757
140543
402689
9474
1579
140548
271622
402699
402702
140563
402708
402710
402715
140581
271654
271655
140585
533803
140590
533807
533808
416648
533810
533827
9542
140617
402762
533835
271696
533846
402775
533860
533862
533864
402794
271736
402818
402820
9615
402833
271763
271771
402846
402847
140708
9640
402862
271791
9648
140724
140729
271803
140733
271806
140736
533955
271814
533961
9678
402897
140758
9695
271842
402915
140776
9708
9709
533998
271857
271862
402936
402938
271870
534016
534026
140812
402960
9745
534040
402969
402970
534044
402973
132699
402980
9767
534058
9774
140850
534070
271949
534094
547768
140883
534107
271964
9822
140898
534117
284021
263783
140909
534130
9845
9851
534141
271999
9859
403080
9865
534155
285634
140943
9872
140946
534168
140954
272033
272034
272036
272040
285639
432417
403118
140976
534195
9910
403132
272081
141013
9945
403170
534259
403190
141051
403197
141056
9987
9988
9990
141063
534286
534292
403221
403222
272155
272162
534311
534314
272171
403249
403250
141114
534331
534332
132746
403263
272194
403270
10058
272203
403278
534353
141139
10069
403286
272219
534366
10083
10084
403306
403307
272250
534395
141180
141181
272255
403329
403332
534406
403336
141200
132760
10130
141207
403357
403360
272299
141232
272309
10166
534459
272316
10176
141251
403398
141257
141263
534480
534484
272341
135367
10222
534511
534519
141304
10239
272384
10241
403464
403472
416771
534548
406242
534559
403489
10275
272421
141352
534573
123147
403506
534579
272444
534593
403523
272459
10318
272463
10321
403542
10327
534627
141413
428071
534751
403754
534958
569774
161846
10784
273081
404163
438734
404242
535355
273250
273276
11146
11244
11271
395097
404507
307721
142420
273537
273560
273561
11420
168546
142689
142746
11720
142824
536059
11774
405060
554689
187752
405141
81259
405278
302103
536392
536494
569214
405451
143416
301232
143532
143623
563444
536960
143764
307966
406034
12838
55951
214290
275038
343135
537248
176923
176925
144049
144079
406230
35351
406298
570178
428163
144358
166296
275511
144560
406710
133329
13568
144760
308121
144817
407135
407139
276069
538270
407238
407301
2349
276295
145262
14203
145337
538640
538691
538701
570385
405121
524227
428208
14791
276972
145911
408177
277122
277156
539372
277267
277284
15151
408431
15239
15269
539596
15374
539710
306490
539737
277616
146584
539851
408829
570581
15617
277821
15678
570598
15794
146907
277990
409092
409097
297764
268333
147073
16037
16125
2697
540496
16246
540567
16283
329191
278467
46438
540795
278737
319163
409834
278796
147778
278936
295428
410061
417885
541293
133912
17076
17153
427835
148343
410494
541571
148373
279450
279485
541677
17401
396120
148502
279578
419575
165350
410779
17582
410808
183898
541994
17717
410962
148839
542060
148858
279931
411063
396193
148969
411171
17967
527283
411189
149091
411238
280176
18041
411289
411327
149202
411358
149295
18292
280442
542591
18327
542630
280508
18414
18460
18466
149554
411717
542809
18542
18555
18564
389061
18658
149737
563647
280980
571858
563652
18917
150032
412194
281131
281168
543333
19074
281224
265324
150185
150300
543520
543521
543534
156125
19250
35558
412508
550572
412516
412535
412544
412555
281498
150442
3234
175227
281563
412641
281578
19448
19489
150594
543814
412780
412781
543877
281748
281764
19635
392062
281790
543942
19695
150772
19711
544018
544032
412992
281961
19818
544130
19926
151016
413164
413198
282137
287322
544309
151096
544329
25193
544380
413334
20150
413374
527649
20168
544457
266908
53047
568062
282425
282503
20380
20384
282552
151486
544705
20436
413665
413716
20513
282661
20528
151637
170902
413903
151801
151892
545160
151959
47194
36318
414314
21223
283431
21469
414747
571573
283720
265745
21740
21801
571618
21868
21968
415201
153219
309531
22340
432832
22447
22448
415694
153591
153616
153674
284756
153710
153736
546984
153845
153880
416047
153909
547165
285091
416172
547265
462589
285170
547315
416286
563793
28253
285358
416450
154382
285486
69428
23450
547752
416690
547999
35707
416973
23812
285998
286000
53170
286116
286137
24023
24026
548351
417293
417369
548545
572024
47737
155448
286619
286773
548936
286802
548971
286876
550258
286953
418114
549199
287213
287249
156202
418394
419834
156323
550359
287541
156604
156608
179025
441173
25665
418894
156776
418927
550021
287881
397203
156939
25907
419145
157026
550394
26208
271157
550532
157344
419501
157397
288506
186103
157491
419664
419678
157645
201039
559544
332115
423391
26662
572448
333626
26995
446231
398073
393709
289245
551413
302055
289282
27142
289428
420575
5277
551795
157512
289739
158726
414838
289852
135694
158818
552114
437889
159198
552520
162547
552565
28288
28320
421639
28589
421944
157707
28782
28802
422067
553176
183805
29041
160142
419908
160181
422427
553528
398093
29285
422528
29323
160428
297765
160629
29706
130624
160848
554125
160926
160938
29931
161051
423214
423222
35916
554398
292289
276037
423534
332733
332773
423796
292767
136185
179968
161812
161941
424137
389472
555263
203601
293169
579811
297157
463953
293362
555514
293371
162343
555613
424637
162573
575772
293820
158197
162813
424979
31812
556203
425141
425175
201940
425218
425242
345864
420406
294323
32242
163362
556636
337147
556745
556752
425721
556838
294734
311271
32629
401402
297876
27299
442364
163818
136539
294978
118936
557174
32903
136396
557205
163999
529786
520480
33172
557508
295394
311383
557589
295626
5589
164691
522074
577239
164918
558142
296002
296153
267815
296187
427335
165267
296410
34279
558748
140813
558798
165610
296758
558910
296777
296790
289766
558968
165757
427909
165803
296892
296894
296931
428006
34837
34854
530097
165930
428126
442727
428152
297104
166036
297116
573815
559356
559358
297236
35097
428340
84096
538007
559497
297363
297370
428446
27718
559527
428485
35272
136953
289871
559586
166414
297495
428576
35361
559652
297509
35367
180123
35382
428602
166464
559728
559733
166533
166549
559768
297639
35508
297665
35532
268067
27769
559840
428778
559877
166678
428834
559952
35668
255124
297868
560052
166853
35817
35820
333653
560137
297995
166926
175775
166998
35945
167028
35964
429215
167115
298189
433288
36091
429319
84128
167180
167184
36123
574000
508467
167248
298327
560472
429416
560489
69200
429437
560517
429448
560526
560532
36260
36262
560573
167383
560604
167393
167397
298481
333739
560644
298512
429587
429606
298535
429614
560691
298573
167525
560748
298672
429745
36544
298698
167645
36574
298759
36652
429873
268260
298853
5587
429960
36750
167848
36805
430067
561163
561190
385307
167995
430166
36966
36968
159081
430215
168083
37015
561326
37039
430261
299190
561346
37063
430281
168173
561406
299273
561453
561454
424596
561464
299325
430428
37244
37246
37282
37286
168368
299466
37326
561616
561624
561630
561643
299527
430624
430643
168500
37429
37433
561761
299643
299675
123457
299712
561891
299765
430889
561988
158378
37708
37719
430940
562014
168806
312126
137365
37782
299930
37800
420253
185623
562123
37843
37862
168963
431112
37931
300103
562248
169047
421393
431228
300159
38033
38046
562335
562341
300239
562394
562456
562495
562504
38226
562516
169318
169322
300396
169334
38266
562559
300439
300444
300470
290378
300514
300542
399618
169495
38432
562740
300598
511930
159331
300629
431704
300636
552549
169600
562826
562835
268569
169638
169646
431793
431808
431820
169686
562904
38652
169732
300806
562973
431922
38718
169794
300868
38730
431948
431972
300928
563098
169937
521379
563164
563170
421542
170008
432153
203098
170045
38999
301147
334184
301195
563355
563364
39080
39099
432327
39138
39171
563477
563494
432424
563513
432461
432522
563676
301591
563743
39456
432673
563746
432727
563803
170616
39548
170623
6595
39588
301764
39654
563985
563987
432956
39758
574605
432997
39802
564099
433055
39846
302019
170962
302065
564235
564267
433217
171075
433221
171081
171099
78614
433259
302217
433296
433301
302230
302249
433334
40130
302278
433405
171270
302354
433446
181468
40248
302399
171330
302415
564680
40418
302712
1355
171808
40893
171966
50518
565264
40988
565313
303311
448944
565594
41456
434699
574901
305665
41818
435046
72729
566319
312850
566385
181782
566489
304391
159972
435548
304523
304587
42513
566844
28942
42634
567008
304887
173843
42862
174011
436182
154189
567301
174099
43029
305219
436295
43093
313019
174228
525180
43190
436410
436440
43256
174399
567627
43388
567706
174500
436662
174526
305600
184763
567754
436744
72792
174623
174632
305732
174711
436859
174735
174773
174794
174896
174901
305991
568139
568143
568171
43917
568309
568341
568369
306258
437336
175217
568446
44160
306305
175238
175270
568549
44267
25722
306420
44286
175359
306454
506576
568640
175427
175430
306511
182164
306557
51100
437710
80044
568840
437783
568886
44606
437849
44637
437862
437865
306798
568974
175798
44751
44815
44816
175925
175946
307025
44913
45058
45063
307240
176195
569442
45183
45222
438462
71339
45270
569567
569610
176403
307499
45361
569656
176442
176481
176558
307751
176726
438904
438912
307894
379285
439084
439118
45946
570259
177050
570280
308139
177088
308208
46090
570412
177289
308366
308372
439445
177314
177325
46258
46260
177355
439506
46298
116944
570620
308522
177516
308592
248052
308687
439784
308760
570968
7220
177939
309087
440160
571246
309163
575816
553975
47054
532132
440313
178198
47164
571483
47202
571514
47235
47288
571653
571654
47372
571683
178510
571787
444828
571885
117160
178674
178763
440919
532239
178789
47735
178872
554106
310021
47972
572307
387887
48101
310289
179242
554169
48223
441449
572565
577725
310450
572602
401269
466807
48340
441605
310546
48451
179526
572754
310664
310672
179618
441772
48616
572926
441900
10799
573018
181453
442026
48848
48908
311087
442185
442232
180208
573448
442400
442443
311388
442461
442543
311478
573653
49424
49522
311771
71485
442886
573995
442982
49790
67126
443049
574132
311999
294083
312017
312139
50018
181098
443254
181136
443296
579065
312247
8356
181223
554502
544150
443465
181330
312403
50276
312435
574667
312577
443673
50461
574755
181551
50480
445785
312652
181584
574818
467182
574882
443875
443880
574992
443944
312887
50760
443984
50790
270612
181909
50846
554619
575206
50927
444168
50954
444214
313148
313209
575361
313244
182189
444348
444397
313334
444409
444418
510977
444448
275304
51270
167559
182474
444664
313596
575786
444744
575842
23541
554750
313932
51791
342159
445099
445111
445143
445187
314131
52012
314190
445308
314298
180682
183260
52219
183292
576517
52231
314390
204606
183372
314447
52324
314497
183427
576705
554860
52384
445607
511179
52437
445670
314614
445745
576855
314724
401980
183692
576950
445915
445960
446006
577087
394565
183888
517981
577221
577225
577278
184106
315202
577358
445761
53169
446471
577556
446506
446512
183646
53351
53361
577717
577762
481879
184610
546791
184669
315743
446834
184707
446884
53722
184806
53756
184835
316006
184937
578184
447151
54082
250579
511461
54124
316269
271167
185225
316298
447375
533316
578497
525549
447485
578734
578769
185558
249384
578805
54521
447741
316826
447913
185777
447941
579029
185820
579051
424193
185866
155741
579138
74686
448124
185983
185991
249455
317112
579271
54995
71664
579312
140243
55033
579382
55128
268072
186247
392703
55202
186405
579631
448571
448613
555368
55445
579736
186524
55468
186614
186646
55627
55630
55731
580026
580051
186952
449154
580257
318139
580304
49877
442687
318328
580512
449455
56289
187400
53088
187465
580729
56442
56478
449776
249727
56647
449865
580974
56828
187959
188001
319115
319117
12398
319201
450330
140603
57199
533825
380909
319465
249856
402779
450634
581711
119755
268150
450737
381629
319735
581903
450832
319781
57641
57684
450961
57753
320059
179186
451279
320354
58231
320399
451493
320481
224537
534037
451902
320840
58732
190094
321324
59231
382724
190363
452585
534189
59471
59497
190646
512634
184705
59741
141038
190882
140935
228435
248856
141316
152529
337953
206913
62313
28287
2106
412371
534859
394921
250955
119923
34827
381889
268403
259677
65343
152320
420300
65509
404140
196619
327876
196888
65835
328185
66171
197264
120274
328571
459659
306830
66566
67118
329268
251503
150646
329919
67779
68305
150671
330748
68788
199913
382887
577447
69286
448471
69410
200500
331577
248170
331588
331629
181260
69532
393268
331885
33471
129766
426690
69816
69826
200922
69866
408227
332069
383029
259717
332217
56332
70094
463318
201249
201252
11701
317537
201406
201425
463680
463696
463702
201675
201702
201738
70718
201839
333067
142896
70952
383197
71011
77377
333207
333302
333335
71222
71264
71295
464558
71347
71371
202448
385916
333551
339595
180639
576589
333775
464859
202782
186719
121193
465027
202888
202906
71870
421387
203036
203040
514440
203086
465243
203112
514451
425758
465294
203273
511789
383407
561064
558190
203481
203492
72435
448985
72531
203612
334714
203710
339796
55818
72906
466136
335066
335107
456341
466262
466288
73159
73226
565462
251219
204489
466664
456356
466680
466710
335688
135397
335722
204680
466825
73610
73620
73721
73757
73808
274446
271112
129031
467262
74051
74082
74201
546056
336457
467572
467579
467654
56104
121659
514881
336783
205794
336910
205898
336981
336991
206066
74996
337161
206102
75311
206400
206427
362091
468615
79603
468742
337691
143664
314008
383967
337819
206749
337882
468966
75843
338118
515106
469248
12681
76100
469495
552472
469779
469786
76589
406013
76802
470025
2559
33111
470104
339051
282444
77095
339248
77137
339295
283333
208295
470485
208348
470722
339681
144007
208712
339849
208820
546952
340065
340108
340126
471202
471279
340238
209288
78253
209467
404147
471647
471658
13076
471680
406295
78633
78642
37539
209918
209920
341060
341070
20087
210082
341218
341275
382857
79262
543840
210395
443460
472617
472620
341596
210672
210680
472842
472900
472922
341886
407575
79792
73855
473082
79873
342160
268901
80085
216531
80180
565694
275556
342709
581409
80720
211806
80742
211850
342996
211968
48548
275630
474256
12661
384907
474461
212381
474601
474637
474709
474732
212628
474822
474859
81721
474941
144693
256755
424739
475001
212877
343969
344065
12766
213003
299122
213135
66014
240802
213389
79269
344632
82511
475804
213970
344805
168607
475978
476151
469768
345194
516168
83159
57551
107519
57560
560004
476553
83353
476607
476738
476852
83663
345870
516106
83968
346121
346132
346178
477374
430531
215582
276247
451033
385533
347331
85215
347362
347403
264712
325821
271760
347933
47949
479191
86072
516791
86435
480121
349337
282234
142570
87363
480779
342279
349914
475546
292133
382641
80200
350253
350280
88192
219349
88324
481609
518685
517232
517246
482122
351126
220071
89005
482251
482265
482300
89101
306376
220471
89943
90122
467905
352724
124349
484013
484171
273633
484353
484405
155795
517652
353511
91463
353919
91891
386694
91942
250771
337146
223242
146513
223831
486125
386872
355180
93106
522481
124835
93683
321468
93809
487038
355991
356071
356153
518117
356213
487310
387058
413401
256013
551427
356866
59483
488127
95241
256316
256190
125120
270362
357831
95789
489028
95854
174358
227117
227270
358411
452115
382924
387442
96628
358781
96690
518601
359200
64339
97219
490532
435328
578164
97795
387678
491084
278224
518764
125597
125603
229494
360695
360870
304440
125687
230007
230070
230700
361959
191408
231019
493197
579446
295753
100022
493300
519157
278860
100386
493699
231963
363038
494224
431915
363303
363410
282707
265253
101690
344629
388348
578169
126238
541319
257353
279199
266043
52183
68397
364937
233869
322979
358730
213781
170107
234475
535399
366009
519759
327157
497483
497500
519840
235582
366948
104817
382469
169352
498372
42785
339575
237367
214395
170053
301783
367337
107212
500457
500499
304483
238502
369735
369860
500982
370045
501138
370383
370391
501565
108375
370652
304765
239596
370234
371051
280297
109011
502253
324018
502321
109117
109164
371315
433285
371684
16741
109561
349017
109823
396467
193095
372172
152060
241236
241271
433441
503539
110324
241421
520842
503623
71550
503734
503739
504037
372989
504099
373053
127712
110934
242020
242291
49625
396166
204509
505757
501314
244014
193594
121612
390243
521334
521361
375728
506808
244675
288906
368490
521428
245371
114340
245530
506172
245823
129359
427180
114807
508200
377205
377251
115156
377331
248251
377496
115506
508723
117327
246729
281464
378077
391213
143929
116268
128608
509652
259719
247718
116731
247849
128691
247971
164485
543790
379177
259809
510320
510399
194294
510414
379350
248283
379357
543830
379401
456451
543833
19546
379434
510552
248417
248419
117349
41404
510570
379508
379535
379564
379596
510676
150652
248645
248674
510820
379777
117636
248712
510859
303597
379820
23479
154414
117742
510976
510980
117768
510985
117784
511031
379962
117867
117939
484371
380097
511208
117998
511221
118027
500273
249130
511281
380239
511328
118118
511345
380279
315030
118140
118150
249287
570418
118234
511472
325545
380420
380429
511550
111646
43560
369256
249470
492769
19738
380586
566968
511693
380661
511751
118563
511781
249682
369299
169803
118694
478537
305105
249810
118764
118785
249875
500400
249922
318203
118866
512140
512156
216432
413046
250103
381192
381205
250196
381270
512351
286120
250225
381305
250243
119214
129097
119248
119276
512509
381458
549539
512583
250574
119534
119621
250698
512872
381957
418620
119849
381996
119860
63676
250990
251049
513221
299665
544294
120044
343849
382251
382278
182947
513434
513451
513466
382423
120320
251405
581118
152403
527752
382594
347773
513806
107482
305168
251702
513855
120644
222244
251804
514002
490555
251872
382945
120811
260435
382979
514071
383012
260453
514209
566301
121046
318541
514283
514295
274632
383250
238639
252188
252198
238641
383309
121184
514404
121226
268787
252311
252381
121318
121322
121350
121363
252518
383620
271633
383660
121521
514749
42103
522704
121613
7145
121647
121661
121682
383873
121782
515019
121824
252909
515058
121857
252943
121873
64005
384099
515191
253087
384176
122073
384235
122097
253170
515329
384261
122144
85902
122216
384395
515518
122303
384463
122350
571462
514725
199836
515710
122498
384675
436168
515815
384750
253715
253729
515893
260748
384888
253834
253873
384953
516046
457383
253955
253958
122918
253992
254025
122964
254063
123074
544819
575854
385339
516412
42384
516487
385423
123298
123310
123312
254431
516596
123445
254520
501175
123473
385627
385674
123539
254658
516808
254666
545316
562777
566752
401291
282771
516990
254879
517049
385980
123837
517068
217252
391747
123921
123935
123938
123967
386127
123995
436265
124067
386304
517403
414401
435766
386414
386419
255399
517545
124360
306902
517625
22651
255522
545033
479501
542027
151854
255770
386854
124711
386890
386896
517985
386927
386964
255898
386996
322768
255969
387102
518194
383875
152556
523281
518267
256151
518323
518392
387329
125188
256278
518445
125234
304864
125259
518499
125321
256400
379522
256419
387517
484273
125452
287872
125512
256589
125550
125555
387712
392302
222408
256731
125667
518918
125746
387919
241058
64659
125814
125821
445007
501576
256950
388080
572587
139494
431917
257071
388148
257102
152099
30389
519429
100223
30391
257388
257392
388504
257450
519616
279175
388777
257723
257773
257774
388852
257782
126719
126733
126737
520039
126826
289971
389002
126870
520094
257955
520112
257993
128581
414381
258077
127035
308979
174098
520349
348871
389292
484332
21197
389331
258265
258270
520479
323820
305215
520637
520657
258528
389615
401416
389654
392627
21268
520924
349050
520950
165741
301046
258975
127921
545611
349007
259067
521218
521266
128072
128076
501820
523792
414571
521366
259228
143933
130598
390374
128254
259354
128299
128334
521572
259434
89629
128385
501995
128398
259484
128434
390608
521712
145843
108810
259655
259712
259753
521899
10646
128715
152531
390923
257959
283611
128826
128837
522062
390991
128848
239930
259951
128912
522129
128929
480241
391084
21497
391141
522240
260110
522258
522270
260134
129067
502112
196281
522339
391297
260248
21531
283682
272351
185902
129334
522567
261858
260448
522620
522741
391703
260634
129563
371132
391786
522862
545900
1431
480368
522947
522977
260857
455408
391976
523055
519337
392030
392055
129912
523164
261022
523201
261069
392142
392167
392170
392198
261139
392224
130081
392269
261235
523412
261283
261298
523466
261326
458617
523484
523513
392480
261511
261514
254882
523669
152819
130538
240211
449528
130563
392725
261664
423355
523947
65484
523981
261843
523995
392943
393037
220842
305813
502422
174745
130972
240285
393140
144027
469619
