262145
131074
131075
393221
393223
393224
524297
393227
393228
262146
393230
262159
524291
131093
524311
25
393242
131099
262172
524317
30
524320
34
131107
262180
524325
262184
524331
131118
262191
49
524338
524340
131126
9
131128
262201
61
524352
393286
71
72
131084
393290
393291
393292
262221
393294
393297
288061
86
524375
131160
89
393306
131087
94
262239
524386
131172
524389
131174
109
110
305853
113
262260
262261
524406
131197
127
262273
524420
131208
284012
138
131211
524428
262286
131215
144
393362
151
131225
154
262299
524314
393375
393379
262308
165
415089
393384
393386
131245
131101
393394
524467
393396
524470
524471
262329
524476
262336
194
393412
524486
201
393418
393419
131277
393422
131279
393251
524500
262359
393432
524508
393438
262369
393442
131299
131300
393445
524518
524522
524525
131312
524531
262389
247
393464
262393
250
131323
262399
131330
524547
260
524551
393480
131339
524557
393486
262415
393488
393489
262418
393493
131351
131352
393503
131364
131366
262442
131374
131376
524594
307
308
262454
312
315
131388
393534
262463
262465
322
524613
326
393544
393546
332
262477
524623
524625
524628
21902
131419
349
4376
393592
262207
393601
131465
131470
393629
262561
524710
131498
131509
443
446
450
393685
131547
26190
131572
393719
546218
393730
480683
524377
262683
92
560
524866
393795
131665
605
524916
131703
262786
393867
131747
524965
131763
393909
524404
262845
714
716
262862
87501
722
723
525012
262869
525015
393945
731
525020
393950
735
525025
393954
262884
131816
525035
262893
525039
753
754
262901
131832
131833
762
262909
131840
393985
393989
393997
525075
262932
790
262935
394008
131865
795
797
394019
262951
262952
262954
262956
813
480733
525104
262962
394036
262965
131894
262967
825
394043
828
393354
131902
262976
262979
525124
131909
839
262984
394058
131915
131918
262285
394065
853
131927
263002
263006
480741
263008
131937
394089
525163
525168
525169
882
525171
394100
263031
394104
131961
525179
263039
263041
263042
263043
525189
902
263047
131976
131978
131979
908
909
394126
913
157153
525206
394139
525212
925
927
132000
132002
394149
934
394151
525226
263084
941
132015
525232
132019
525236
263094
263098
955
394172
394175
525248
525249
394180
965
132038
263111
263112
394185
394186
394190
525264
525265
525266
262307
982
984
132057
263135
394208
394209
394210
394211
996
525285
394214
22012
263147
132077
1006
132081
525299
525300
1014
525303
394234
132094
1025
394242
132099
394244
394245
132102
132104
132106
1036
132114
263189
132120
394266
132123
263196
394269
525342
394271
419029
1059
394276
263208
263212
132141
394286
525360
132147
1084
263229
394303
1090
132165
525382
1098
1099
1102
525391
1107
1108
394325
394326
394330
132188
263261
263264
132193
1122
393403
132196
263270
263271
263274
263275
263276
394349
263278
525424
263281
1139
132212
394359
1144
132217
262335
525438
525443
263302
525450
1166
263311
1168
525459
525462
263320
132249
263328
394404
1213
263358
22048
132313
525533
394476
263405
263407
525555
393428
263418
525572
263446
263456
263462
394546
394560
263493
394572
394580
263515
525668
394600
1386
525675
524520
394620
525709
263574
525721
299544
132516
132520
132529
132538
263618
394697
1507
1510
132585
415314
1522
394756
263685
394759
132617
394766
263699
263710
263714
525865
394794
525876
263734
349791
132668
132669
394817
525898
1622
132698
263784
524563
394880
132750
218282
1688
132768
1697
524572
132793
394942
263878
132816
263896
1756
263901
1771
144088
263924
1786
526085
526087
131373
1813
395030
1822
22149
309
264005
1864
526165
395101
264033
132973
1902
1906
532535
264058
132997
395142
1947
1958
526247
395198
395225
133114
133183
153270
133194
395339
133229
133281
395426
264363
395445
526522
133315
2270
526597
262529
395555
2347
264532
526696
2429
2444
2448
264605
264608
306249
526793
526794
395740
133609
395758
395766
2560
395780
264709
2567
264733
459185
395822
415497
165868
395863
2664
568424
395907
2693
264843
395926
2752
395974
133831
264969
396042
2842
396073
396106
285457
133990
396136
265074
396150
527229
139763
265135
265196
527342
134144
568492
396303
134185
396330
44215
134227
134240
265330
524820
3236
265412
3293
134396
396548
265490
153475
396581
527660
134454
541313
265536
396622
176587
22415
134496
134506
3442
396670
396681
568557
396688
265622
396743
527834
527866
527886
396838
134712
396905
344920
134769
265843
134772
571773
396933
131697
265908
134849
3789
265934
22478
524924
265964
3827
265980
134918
3862
528157
3870
397104
3899
3915
3917
528230
135015
266120
397217
4042
266200
4065
397292
135149
44372
266275
397358
397362
528449
135242
4180
403459
397423
135327
135332
528550
135338
528555
528563
437620
284703
175480
266496
528642
528667
288204
135453
135459
528687
21969
525027
266587
4444
397687
149
397701
528782
135577
528802
266666
266676
528832
135626
153677
528851
4567
4578
397813
22612
528892
4622
4642
397860
397877
266820
397894
528971
4684
284770
135761
4694
135772
4714
266859
131858
4719
529012
397941
397942
529019
266880
266885
135822
266898
4761
153711
397997
135866
4796
529087
529107
398036
398037
4823
197307
4827
394021
135907
529126
529133
266990
135920
529140
267000
131884
267022
398098
267028
4904
398124
398133
292587
398157
529238
4963
529260
529273
529283
398225
5010
529300
136092
529310
136097
5028
267176
131913
398271
529345
529352
398285
136142
267216
136153
529373
136158
5094
529389
5115
262997
267266
529427
415918
5142
481457
136232
267338
529490
398419
267348
136286
398434
5219
267372
415933
398448
136310
5244
529545
267402
136331
267435
136373
136384
529613
5326
529630
5345
267502
267504
398579
529661
267540
398613
398623
136487
267560
44596
36
136512
267588
5453
136541
5472
5483
136561
529787
5508
398729
267661
5522
43829
529827
267691
398767
398772
136641
5574
398799
398813
529886
136687
5619
5620
5632
267779
136711
205313
5643
417469
398869
5678
5688
136764
394165
5703
398925
530001
530002
136790
267871
530016
530019
398949
136811
398957
263101
398962
530038
131127
136832
398986
136860
399006
530086
547100
399028
136894
5830
5832
267985
977
268014
394197
136962
399122
525273
530201
5917
136993
399138
268068
530229
137016
399165
268095
530248
399181
399191
399203
399208
268141
530287
268151
137100
6031
137110
530342
137140
530364
399294
394229
268227
530386
137181
530403
153938
6151
137228
530447
266441
137243
268317
399392
6178
6190
137278
530508
268372
6247
399472
399480
137339
137341
399489
399499
399513
268444
137378
530599
402448
137387
547186
530635
137420
6357
6364
268518
399594
268533
132137
530684
394283
268548
6409
6421
399650
6465
137552
154002
268654
1085
6512
268668
399747
530832
525380
530848
268715
530869
268726
6590
137666
268739
66637
530903
137690
399841
6627
137701
137703
530933
399862
6651
268804
132183
399887
525405
399920
6725
525409
531016
531019
137808
531027
6747
137833
399981
22974
6780
6792
6800
400028
137890
137892
531137
400080
1145
301381
137963
531190
400133
269063
6941
269091
269116
400190
6981
400204
138069
269160
400241
138100
138116
138117
61338
569725
531374
531388
138186
88567
138189
400343
20997
400377
400379
400417
269364
269386
83167
400477
531552
531568
286359
269434
175978
138367
7307
138387
400534
400536
400560
138435
400581
436698
1237
138501
269605
400722
138579
400726
400729
400763
138629
1261
269723
138670
400818
400848
400869
569255
400919
269848
138780
138785
269863
7746
400966
532062
1306
269986
138935
138948
138961
7921
270074
270111
532260
532263
532286
8014
329016
270186
8043
270202
176106
8064
8074
65737
401313
270250
532397
8114
401392
401400
8195
532504
532505
8238
532555
394598
532583
532595
139394
8329
26466
139456
532704
532711
8429
416473
67748
8562
139639
176192
8602
401838
532916
270790
8649
401868
139758
139775
401967
533045
416528
139887
8821
139904
139915
402087
271051
139994
533218
533220
140028
132565
271106
271136
402228
140108
402255
402287
533364
9113
140188
45215
533451
9174
132607
140284
533502
9226
9253
402470
533545
140349
533568
140373
271473
271476
271488
271500
402575
271505
476046
402655
9479
9488
533800
198198
402759
9556
9557
416655
140671
533888
271753
140690
9651
140738
140821
9760
403004
9789
140867
271960
9843
140919
140954
432417
272058
9929
141005
534224
272082
141015
534247
9968
534291
272155
176392
141101
272176
132170
154597
10082
403301
141160
36729
141204
403358
10145
141224
10176
403394
534468
403404
272343
534517
416767
403454
403473
262213
141346
272439
272480
141413
534637
272538
534690
403666
141532
534751
10466
534756
10472
23591
10489
534789
272647
272670
403746
141604
272716
403798
534892
175523
141682
526057
534959
403888
10714
272882
131879
535049
535130
141941
10870
141947
10877
141952
10881
141965
132888
10900
10903
141988
135664
273081
404163
142051
535278
404226
273184
273200
11091
273276
535445
535455
404395
273336
142291
273383
404468
11264
11271
142352
273427
404507
404545
11332
537022
142440
404587
404592
273537
404612
131315
535732
404666
11505
273665
535820
273677
404754
273704
535856
273716
535874
45622
11630
535948
39669
142767
142779
273863
11723
404948
273886
11754
405013
536103
285965
142958
405133
143030
81259
12044
174421
405324
143186
274267
154955
405451
405469
143331
536570
537246
12345
301232
536649
274509
274518
264212
274559
12418
143532
536761
536806
274665
12556
143636
274734
274736
274758
274760
274763
274786
536938
274815
12711
469832
12735
12757
567813
406004
209923
143874
406034
12825
12838
537135
275014
275028
143958
143965
195615
144000
144018
428736
144049
45854
144056
537286
537289
144093
35351
406298
144179
144180
275271
144203
155106
537424
144467
275327
480538
417276
406509
144371
144372
537596
13320
275494
13352
537648
275511
279775
406646
417303
144530
275625
144620
24105
406792
537866
537878
13595
537909
537910
537924
275793
275795
537944
144734
275811
537960
275839
537986
144772
275855
275977
407080
538182
407131
407135
407238
276197
145188
145231
145292
538518
145313
14253
538555
14281
86512
538615
145503
407667
2114
276735
276739
276750
145699
407864
276854
276895
14798
395684
308310
539158
14883
539180
14938
408292
15089
132781
277267
408405
277338
408456
570522
15269
15302
277496
15427
146510
277637
277795
330297
15726
471470
146861
15851
6216
268333
147051
439576
147115
147122
278211
540436
278467
409591
16403
409678
16483
278744
540899
540970
439689
147778
283382
147973
279065
148044
279129
17004
541298
541301
410305
148165
17106
148230
410409
541496
262991
148375
410599
148502
410800
279803
279883
174698
279947
279961
542111
148924
148931
308812
147718
411111
148969
542221
280122
541027
542442
149233
280324
428329
542630
149440
411603
411629
177832
280596
18460
18475
411738
18535
18559
411855
18691
411934
411937
543060
280971
543171
563652
281108
150082
563656
19022
281207
150151
31188
35558
19374
156151
281586
19450
19489
19552
281742
281790
150754
412908
19769
524401
150867
413070
19929
19967
282131
544347
20063
544457
266908
544485
151327
151403
544703
374800
544875
282776
413874
413892
151830
20849
471504
414111
283045
545226
283093
21003
545334
545381
281214
152237
283431
283475
414548
152429
283524
21451
396793
545812
152664
21632
178382
546079
546093
283955
74924
283999
153036
415203
284144
153154
153187
22164
22291
22360
415604
549876
477156
22545
153666
284756
134841
22650
546940
546975
546984
284956
69339
153909
397025
547265
23015
23047
285195
69383
23100
563793
547419
547475
28253
331549
154354
23311
285486
547662
285548
440810
156824
547869
285810
23695
285890
285897
35707
285911
23875
548184
23914
286116
3999
417218
417234
24038
24132
24154
548452
155253
155268
462792
156958
286406
155344
286484
417583
155470
552291
286611
286690
240867
210437
286816
155777
24730
286877
24802
418065
418087
287041
24912
418173
24972
418193
418318
418329
572180
441129
310070
33204
132889
179025
13302
70687
48001
528654
131113
92553
420231
398073
441462
441480
48284
48398
17166
179511
31504
421873
572814
332547
398093
297765
550126
48749
433101
398305
293165
293169
555336
555339
297157
31081
424307
555391
293254
31135
424381
293362
293368
424470
293418
70749
162375
424539
31329
424560
31382
424604
424623
424632
424637
555797
31532
31536
162770
293899
424987
293944
319669
31812
425044
158223
556176
425114
556202
425175
425177
201940
294186
32060
294238
425325
294283
5360
294330
294353
425441
136445
556617
556698
294564
556746
425701
163598
294716
32586
32629
425859
294838
294863
31642
136539
557102
426038
294990
32868
557174
163965
136396
163999
426149
426152
557254
33009
295154
164100
164102
33057
557355
295257
295263
164224
426390
479442
426428
557508
426445
295394
557539
164348
426500
33295
33297
557589
426528
426558
295558
164499
557762
295630
164572
164642
557888
164683
164691
426841
295780
426869
430563
295850
33733
426988
551024
33842
558142
296002
558166
5649
296040
420713
33930
558246
165050
558271
558286
296153
296170
267815
165100
34038
34039
427269
558372
558378
296244
427335
34120
427350
427384
34223
427491
427493
558584
558602
558616
427555
34356
165433
34480
558798
427733
165607
558824
165610
296735
165671
34624
296777
427852
296790
289766
558968
165757
165803
296931
420864
34824
296975
34837
428117
428126
166018
297104
297116
34975
166076
44813
35107
166225
538007
297363
297370
27718
166335
268023
289871
428576
559658
35382
166464
166465
166549
559780
297639
35532
166630
166678
559900
210683
166713
428872
297868
297880
297898
560088
35817
35945
167027
167028
560262
530286
560282
36034
167115
560360
27859
333694
36091
560409
36123
298276
560421
508467
298299
60278
560495
429437
429448
36278
560573
429514
167397
298481
298512
429587
333749
167577
298657
560809
429776
36574
272588
429873
560969
429908
268260
5587
429960
175805
167848
561101
430148
430159
430166
36953
202767
159081
168060
299154
561302
168108
561326
37039
37059
561394
168187
561406
299273
561454
530486
430428
299411
168368
561643
430598
561677
430643
37433
561789
299647
168643
168690
561931
299836
158378
37719
562008
168806
37800
299974
37863
300103
290410
37986
264741
431228
40407
169197
562433
562456
169262
38204
431440
562516
169322
300407
562574
28229
38372
169495
300568
38426
38432
300631
300636
436145
562819
169646
431820
240304
169686
28281
399661
48267
71989
38733
563208
170008
38999
421562
39010
170101
301195
432286
563364
39080
432327
563477
432461
563584
432522
170398
39386
432603
170483
170516
432673
563746
203188
432727
563805
432742
552723
170616
39548
39588
39597
563898
137674
563961
39802
433023
170888
170962
433122
302076
39948
564237
564271
564288
171075
564330
171139
433296
433334
171270
564557
564566
171374
171449
40398
302576
564729
171536
531032
302680
302712
564904
433854
421840
40675
433900
290774
565002
171808
302903
66825
171875
171885
565116
434070
40910
421884
154123
434299
303258
565424
434354
303392
41272
303429
172371
41311
41319
565613
565637
172422
434585
172509
303599
41482
9878
465670
172597
420377
41575
565886
303763
434857
565940
172805
566054
303923
566099
172900
435046
75590
435076
172974
304047
531277
173019
435170
173032
173068
173069
173070
42081
304315
304336
566491
173316
304391
566536
441095
304434
42297
159972
435548
422117
304519
304603
42463
435688
435716
173629
304759
435869
42658
304887
435963
1424
567091
436025
304958
567145
567161
436108
553283
42921
567224
305093
436182
42972
567268
436199
567301
567305
305224
436333
305278
436354
174228
525180
43193
43256
305451
305460
436539
43340
305502
567663
174470
436626
475146
305660
305685
174632
43655
203891
567997
436929
436932
269431
305899
43764
29140
436990
174896
174911
305991
43854
437073
437080
437082
568174
43893
306069
43936
437199
437224
175101
306191
175135
568369
269493
44138
44140
44170
175263
291355
568549
44266
29226
175359
437513
162963
138461
175430
175479
306554
306561
568707
306570
306584
437676
44474
44483
437783
437801
568880
437817
44702
437964
44751
306905
306988
569143
438073
398665
438095
44911
307061
44946
307091
307124
307153
307156
138582
176138
307238
176174
45131
176265
176279
176300
531834
12522
176461
176463
45396
437965
569742
569783
45672
438932
307869
307884
570066
45792
176873
308040
177050
439214
177088
439274
308349
177289
46267
570560
204339
46441
308612
570801
308687
439765
439784
7762
439801
177658
182527
308780
439865
439881
466530
7781
177809
177824
46764
439988
204407
308968
7220
571157
46893
46927
555857
309163
47022
138910
571366
481665
571443
25628
309323
47192
309368
226329
47333
571644
178436
309521
178460
571677
458160
571702
571719
178550
571791
571799
440819
440853
309840
532239
47735
309881
47746
440984
532253
572174
572179
310058
139068
441205
310134
572282
310150
441258
310193
310258
310277
48150
572443
335712
310360
441523
310457
572611
310501
423678
179532
179580
310672
310680
572902
572923
441856
441883
292101
441900
441903
310865
179812
179839
442008
73680
48934
335865
442356
62743
276610
71485
442886
350819
574077
218558
312247
181223
2691
262204
50323
443579
574812
312718
337752
181682
530187
181829
575049
400999
313047
182295
14807
554750
313932
438453
576286
445218
314277
560396
576526
445461
314558
346547
158183
161719
270972
539789
188029
53464
481879
184879
220053
581249
577979
415235
580843
31282
187709
56675
56718
581018
56868
450105
187986
581227
468243
450175
319136
57005
581310
402730
188189
188216
581446
159026
57242
319396
57284
188440
581657
450587
450649
319581
581766
71749
319725
57595
581900
137220
57676
184397
468125
451133
57930
189020
451166
320115
320200
402902
58242
189561
320701
58580
58633
320816
451934
434045
452022
320963
58831
58841
320987
321173
190136
59116
59141
59142
452371
59157
190232
321346
468619
59244
190393
321492
190509
321588
190550
75450
321700
452806
190684
59683
163478
321991
190939
59874
59947
202912
453260
351161
60120
191197
453424
191667
322835
565047
454086
323030
60892
323129
454258
454271
323226
339115
163114
454399
323372
184999
53929
555808
192579
192585
534543
61606
290110
323812
192745
399227
324006
192994
61936
455156
324103
455252
10346
455565
62376
455651
455654
62531
324713
193647
193659
455996
62772
62893
325132
403720
456285
63109
578513
325390
137406
2106
456522
325487
63426
534859
325596
394921
185351
194669
45999
194694
194744
325837
194774
325891
457033
556771
63918
457190
326124
457225
578651
457274
326203
326210
10683
534976
64148
195225
457401
578683
457503
326508
294718
195484
326628
195639
195682
76313
326823
64684
403999
457922
64744
64816
64823
64948
458166
458172
327168
196098
196156
294837
458308
141922
196198
327299
458397
327338
196345
65301
32739
458599
458611
573931
65518
196619
458785
196653
65588
327788
458876
327860
525223
459018
65835
459056
65841
65855
196985
328064
459151
426076
197169
372303
197323
197351
32893
459543
328571
197503
459659
11075
426143
197568
66514
66537
459763
197635
66566
434305
197690
459853
328855
197812
197959
460222
273324
87737
399408
329351
198323
460503
198437
67396
460703
198596
317090
329755
329766
198704
207385
329799
460882
460885
329841
460915
329847
198786
67749
312137
329919
461098
198993
461442
199381
199422
330518
461644
33262
535713
199628
68576
68601
68668
330863
68801
68867
68947
200033
426568
331324
200343
462509
331506
200476
69486
200611
200619
462839
462849
200724
404828
426675
331868
331885
463318
201322
201374
70339
201431
332568
426831
201724
430076
332836
464030
201891
448723
329703
77377
186606
333241
71126
71157
71206
333411
464598
333551
430101
426980
333688
202657
399556
333775
333807
464898
55645
333904
202855
268628
24215
334041
465123
317833
208612
465243
468493
334215
72095
72111
208629
72156
465375
181348
203236
72177
203252
72189
334362
334364
203306
561064
334400
465507
334484
72354
72421
334600
72519
334714
203692
465941
72769
466002
72788
72821
203948
456341
73022
55873
73096
335244
335308
204238
335316
335380
558342
73264
466549
335500
421315
335513
73437
73568
335717
466825
73620
204705
143348
335802
73724
467032
204979
336077
220688
467198
164598
467347
336333
336370
12377
340060
467516
336469
467572
336552
467646
318241
467674
336854
467979
205875
336959
336991
205940
54868
205986
206121
206137
337255
468420
337401
580523
75305
468537
75334
75339
558690
206463
149366
206636
468783
206662
75605
337761
75643
468876
337808
75697
34475
206861
75843
206934
338030
469147
338134
338164
209279
76111
207282
469567
207447
405959
449657
76608
207698
207717
469870
76681
76709
76746
406013
318637
339034
207978
208011
77072
208196
339307
208263
208350
470551
339579
34752
77517
77553
449835
339816
318785
471708
339886
77752
208834
208880
77851
471085
275130
209005
340108
209126
78085
471375
209246
297019
78221
78274
78358
209513
340622
471731
471773
493692
340771
78663
450026
472027
209903
209933
472079
78880
78986
210071
472266
79152
474004
341341
341354
79212
472439
472553
469647
472620
472654
79486
210568
472003
581233
537543
79567
341843
472922
144357
341902
210881
79831
341981
342011
79869
342019
79896
342130
473230
211138
211230
13364
342347
342385
80246
423890
342459
80319
80385
473616
211540
473726
80556
211644
80609
211868
474031
80842
474062
80857
343009
1155
48548
349698
137995
472258
81042
474279
343224
81143
474461
474562
538247
474817
212690
72551
212741
212974
299122
13662
344126
344157
475369
82228
82242
421733
344622
344644
82542
472521
213754
475939
475980
82790
263294
345118
476198
345142
214087
538126
345185
476268
177349
214213
476397
83202
476426
343204
13879
83353
345518
476846
214729
476901
345879
345899
214904
83869
477179
477259
346242
159923
298008
215191
457086
164290
477415
215341
84284
143717
477664
215534
477719
215631
101479
477892
298109
215819
346915
168161
216026
216038
347115
216110
429241
472938
203603
36046
347419
478505
216387
347542
216480
347587
85790
85836
155618
557155
85948
342010
479208
217143
479331
348274
348290
217290
479461
86292
479560
217429
86381
348602
479729
451331
211033
217779
86825
217925
189239
451386
217958
217978
349069
87091
87126
480376
80065
580185
349337
480454
349472
480575
218492
218503
349580
349585
480676
87465
218579
349658
218589
480739
480779
349719
218648
218649
87616
87618
480843
480852
218715
87655
349809
480890
80168
218868
87813
87862
87878
364174
481222
350170
350280
88185
88214
219349
219355
88324
481565
565966
481634
451651
350617
219591
481804
219674
88609
88671
219760
481920
481954
482036
338403
276950
88845
482122
473575
351141
351176
89052
539132
89112
351301
342550
351473
482728
220917
352247
352417
352739
222026
168141
424837
452167
189156
91656
91681
91837
212011
190172
92480
485788
92729
223831
355210
146654
355778
93655
147148
408846
487310
356257
487602
356671
352317
487992
357017
357059
95281
488688
155941
489028
174358
490099
227957
359048
505152
359320
359357
97219
359399
97321
228434
94925
360313
98233
491684
360751
491837
360870
230061
492302
99112
199715
295753
531441
362399
100386
493698
362643
362676
493811
100827
322659
494202
431915
363303
101530
265253
494785
494817
232717
169878
233625
102662
344802
322979
341989
410401
103297
213863
103927
410561
497565
39288
104756
104943
105389
39447
199923
148706
563771
273049
237179
413799
148771
61463
170053
17877
214563
542412
109164
240252
502493
109290
109399
502629
240543
109513
109561
240755
502964
241236
241271
236822
241289
110230
62067
503479
241345
241364
241421
110473
520873
241675
372774
241785
372871
241851
504013
110809
504057
373073
373101
242291
373461
373482
111348
171479
504616
242592
373727
84171
111812
374023
60472
374326
505489
112525
112673
243829
215428
244122
506360
506555
244418
244428
375504
244675
244782
244844
376454
245530
245682
219861
503554
246009
377251
325781
237655
508504
377496
412445
508723
246646
246729
378416
243927
509870
41305
106851
510063
543830
543833
248403
510998
248957
456438
34478
554182
500273
118173
380416
216324
118330
249435
511693
325590
512217
512295
250196
119129
119207
512506
441608
512731
16509
513053
513299
120125
513440
107424
260347
382447
120743
282286
252105
479769
573431
253159
253251
6051
384449
122350
253577
566583
253773
254025
516346
406760
385517
123445
254726
123799
123995
386154
372748
386715
124751
545116
64659
431917
519768
209353
257928
126967
389244
567421
165741
390374
259766
391106
391237
129246
545844
260418
260443
129700
524088
130116
371258
152819
109145
196529
174700
261893
