160614
458802
109277
398917
122231
327804
109986
371534
135475
132139
1611
263759
132688
263762
1625
263779
1637
525932
1645
132725
394874
525953
263810
394889
394891
263826
132758
132778
175047
525999
1712
263859
132789
526008
526013
263875
1732
1737
263883
526029
526035
394964
526043
394974
394975
394976
1762
132841
1777
132850
419053
1781
526071
395005
526079
1792
132874
395019
1804
132878
132887
526104
132902
395050
132908
263993
263995
22154
132935
200830
264019
264020
526166
526168
132954
526172
132964
264043
1907
1912
264165
245298
264236
264304
2197
395456
262521
284373
133436
526664
175162
526701
526734
2496
393638
2544
395761
395817
253229
524724
395838
2645
375437
52901
526980
133791
265014
2892
396115
527257
2992
134085
109730
396311
527391
265279
527468
3219
396455
527599
3361
396578
131638
265594
563138
3483
175476
396780
265715
3602
527907
527937
134747
527979
396909
193808
396998
135010
528266
397253
13228
135193
4132
135226
44388
4189
135287
266360
528579
528582
528591
397543
266486
266504
266517
397685
528832
397325
13249
135761
131884
437736
545731
66369
503310
267560
267604
267605
136542
5482
398702
136563
529780
398712
398713
136570
529788
267653
529802
136587
529804
136599
398744
529823
136609
267688
267697
267699
267704
5564
529860
267717
267719
529866
136652
267734
398808
136668
529887
136672
5612
529902
529905
267762
136698
267777
398850
267780
5638
5641
398858
267788
416002
398872
394159
136732
398878
136736
529956
284934
267825
5684
136757
5689
267834
5700
267851
5715
398938
398941
398952
530030
5745
530037
398967
530040
267898
5755
5756
5757
136835
136836
530064
5782
5785
416026
394182
399016
5811
132041
136896
399042
136900
136903
136905
267980
136917
136922
136928
568955
136932
399078
530154
136943
530160
136945
530168
399101
399102
268032
136963
268036
268037
268042
5903
136979
530197
530201
530202
136993
399142
268071
399147
137006
268081
268084
5946
5947
530242
268102
399183
530256
399185
268114
137045
399195
137052
399200
268133
5991
530282
530284
137075
530294
6010
530300
399232
268161
137094
399252
137109
241305
399258
399262
268195
137127
399276
268209
1011
399298
268231
530377
399308
399317
530390
268251
530396
399330
399332
530406
530408
268266
268268
530417
268274
268276
137206
399353
399354
6140
399358
530433
6146
6148
6155
137230
262925
137238
530460
6182
399399
137256
530475
394248
268342
137273
137283
137284
399433
6225
6230
137304
6233
399456
268385
268388
137320
268397
530546
530551
6270
530560
268428
285037
137366
399512
137371
137377
53255
137382
137385
137386
1053
268468
399548
530622
137407
6336
268481
6338
6339
530629
399558
6352
530649
530650
268510
530655
530658
268523
530670
399600
295082
530683
144242
530686
268546
6407
137483
137552
6590
137808
400204
400216
7022
269171
400245
531322
531331
531337
531362
138164
154107
43883
7150
138254
400408
138270
138276
138288
7221
110437
138342
154140
400555
269496
59406
138450
400619
400642
531721
269592
269612
138567
7517
7544
154179
269726
7594
17468
531983
400918
138781
138782
532013
532037
154209
269934
269945
138904
7839
401060
532194
13146
401140
138999
270079
270102
401198
270135
8024
139111
8066
8086
401336
532509
532510
8234
401455
401458
394596
270472
8332
532624
139416
532638
532662
137056
8405
139482
139492
139500
270596
270623
532778
139571
139572
532799
139633
532857
139645
401836
270778
132517
270818
270871
8734
401969
402042
8830
460226
8848
139952
139967
139970
402142
140048
9017
140092
9038
140114
416570
402271
9062
271214
140179
271254
533477
9248
140333
271416
140346
140438
402624
533706
438478
58547
263104
140577
140588
9517
402806
533879
9677
271829
140761
402908
9696
533988
9712
263769
140831
534060
140865
140866
309944
140918
534140
534183
403114
403133
272068
403162
534323
272196
307514
534384
67222
272269
534419
272282
141236
141240
403427
220156
534521
403463
534581
10303
272492
10369
10403
10444
534808
403747
272747
403841
141702
272800
242076
534974
141785
182507
535033
535037
154713
10787
404013
141889
535126
535133
154725
10856
141955
273029
404131
404159
273089
535265
404222
404266
535369
11100
273279
404361
535457
535460
142259
11188
220321
373239
404432
535561
11282
273443
142378
89266
142400
404579
535661
11411
176671
142532
11475
142557
142558
142565
535786
273658
11527
11528
535844
142656
273729
11591
404812
142684
11619
264085
404865
404910
428113
11726
142806
273887
133030
11758
404981
404996
11849
536146
536149
351514
67531
135545
12023
144430
274195
12079
274224
274232
423761
12102
286009
536437
143277
274356
12224
12249
405541
274477
274480
109524
12349
405582
274537
143470
143482
23917
274602
12461
12472
143553
12484
405729
274676
274682
536830
274697
274753
405852
274784
405864
536939
12690
398999
537037
143845
12786
406021
406030
12833
406074
537149
537160
12873
143984
133225
537223
144033
537284
537291
537293
406226
406250
264324
537372
275242
144182
13182
275353
275371
406543
537621
13336
406557
275491
4809
537649
537656
537687
144475
275557
144495
13452
13463
308083
406716
13529
406749
144641
406798
406826
144683
537920
4820
13703
406957
275893
406968
538058
275919
144851
144881
24149
13835
275980
13844
2309
13856
276006
144951
407112
407113
144971
13912
538233
407192
276124
14014
14034
14049
276208
145163
407313
276248
407336
24204
407413
14238
373750
133453
53425
576593
538619
276482
407566
276507
14402
145499
14432
276620
407699
145629
276711
145642
407806
155351
276753
145685
264581
14628
276811
407911
407930
44616
408151
277141
539309
408266
408294
146171
15117
223095
101357
463144
539535
277401
539584
15307
408672
408681
15485
277630
146623
15564
146638
277775
2606
15653
15684
408925
540012
277885
408966
540059
371511
177404
409066
15897
409134
461414
540326
16056
540370
16089
147172
147178
278272
278293
540460
278344
147290
147291
147319
148938
147398
16334
16361
278525
137154
147466
16458
540765
409700
512501
147591
409740
147609
278698
147635
50772
278753
540922
540923
147716
16725
147798
541029
278963
147983
541226
541258
16980
133905
541314
279212
148176
541408
410398
279345
17210
132795
541518
284680
279477
148411
533049
483489
221346
17399
68442
541782
148583
148584
17545
527224
397286
428310
410887
148807
542048
280023
17892
17936
114077
18093
149192
149250
411450
18256
411478
221505
18316
18333
280494
280505
26800
280556
506898
411654
542854
24948
280808
461870
221578
268105
297415
281038
48209
18942
134233
18994
412326
483786
25045
46891
90582
19238
227598
281502
41155
399045
576771
281840
227612
544307
413250
192707
282221
20213
544606
544626
20376
413603
20475
40006
288194
545071
151939
374860
152036
454611
549650
283316
545476
414603
414607
556763
410980
484201
284070
25506
375043
153202
415396
323717
546846
293174
264098
159013
516034
22806
547130
384844
322324
547417
23177
416468
550030
23415
9511
285705
154650
532625
285748
416840
416843
309773
551829
558813
23929
417161
197201
24019
417273
419800
286429
383364
155493
155496
484812
24457
417729
524559
24582
155666
155993
418185
418198
288157
132847
549328
287233
156180
549409
156213
287308
157961
549471
156260
549478
25195
418418
549496
287374
156326
549559
156367
156410
25377
25388
287608
25485
25539
287718
418808
418818
157188
549962
287842
25765
419019
419026
419028
156977
26028
419255
157172
26109
397569
419396
157266
375737
244666
157279
26247
550536
419467
550547
397593
157341
157350
288471
26367
419586
419599
288548
288589
550760
419712
485014
157616
26577
288733
550911
157748
419904
288440
288852
26713
157793
26725
222913
26764
288964
551125
551166
157989
289097
26987
158107
27046
48199
158130
289223
420316
26383
289381
27241
158322
289410
420523
289482
289510
551657
420608
27394
420615
289545
420626
420649
289583
289693
551889
18377
289791
551956
158786
552028
528912
552054
289987
158861
244933
552112
27840
398099
158965
290062
27929
159028
328270
28010
28012
135741
244973
159168
28109
421380
246345
421432
28231
290395
552579
552585
421533
28319
552623
231899
159436
529016
288721
552717
28560
290705
28614
552929
159754
159771
159777
28764
422008
422020
553130
159929
233256
159957
310655
553267
553314
160101
422255
553422
291333
291390
26720
26728
553586
291475
160422
291518
291526
160459
26745
100579
422691
553764
447993
389425
553812
5434
553851
29586
422803
29639
160712
29647
160757
553981
422956
380274
554081
554085
554138
292001
554176
292051
292053
160994
554217
161054
161071
161093
292181
554335
292249
161193
423354
292315
30231
554524
554534
554541
292512
423585
423622
423638
136145
53388
292602
161597
292690
423776
423778
529383
292751
423826
179965
30630
423858
161760
292835
161809
555045
555118
161929
424083
424124
30911
162018
293108
30973
162109
424342
555427
31142
31157
293304
424388
162282
293374
289199
424503
31332
293480
162414
424572
293514
555701
293577
293587
424669
267388
424692
31561
293716
442174
180037
293793
31680
556067
223752
39680
425037
311143
556143
294102
425179
163084
425243
294223
163180
398569
127657
32147
163220
32176
556482
22180
289845
556551
556560
163358
425536
92731
32328
420450
267543
442308
425691
163591
5424
32574
428810
294758
163738
163743
32675
486045
425917
163803
294909
32816
32829
376843
267624
426118
32963
164093
164116
164142
164186
420582
295286
33186
557483
557490
557527
33248
164381
529840
33341
5557
295499
165200
557685
33413
557717
486178
33494
573570
295695
33571
426806
426826
164698
33631
426872
426888
295903
33764
295932
427040
33866
114879
33946
427163
558248
558276
296161
34019
296188
34061
165147
296233
165211
34164
165271
289197
289696
427486
296464
165395
427545
165410
427583
34381
34387
165492
296573
165546
558766
350310
558836
296696
558849
442668
34570
558871
427805
558878
427842
508215
427859
296793
427886
427920
296882
559039
165833
165847
559079
34825
165945
508262
559262
297135
559282
35018
35045
428266
297206
428299
428301
166230
428385
166273
297359
158794
559556
297417
18633
35322
428565
166468
166481
115159
5933
559895
166711
166723
559949
399162
560054
359507
166848
35782
35796
560153
543182
298132
36006
36022
36048
167126
36059
529308
399235
552163
137105
298354
429446
167303
36281
298458
298459
36322
429539
298473
560630
560635
429591
530369
429708
56109
167708
429858
511869
375321
299004
167968
168116
37089
411501
299380
561547
37291
168422
299563
37477
168624
299773
72701
246573
561953
299871
562029
299968
399528
562162
300072
377716
50056
486972
574356
562633
555574
431750
169612
290420
562895
169718
563029
300898
432036
563279
563301
563334
563354
301273
39185
93916
159453
170312
8991
246880
485595
263192
432890
170929
322327
564211
433240
92988
564348
302213
40246
356238
485761
171429
564789
424709
290761
66822
565112
565243
225282
172051
312668
137918
378229
434389
553000
453972
434425
303367
172340
172398
172420
172507
303586
565902
41669
181713
566032
435026
175731
361619
310633
435249
173146
353929
173289
304384
42314
553202
42416
226363
566713
173550
138153
435848
304858
42867
567245
567278
305141
305152
378541
567439
116453
436596
444156
459723
410320
378626
305752
43664
567964
43692
464440
174869
568137
43894
254604
269477
44039
575319
437300
306232
437317
175198
182129
378747
444285
437537
18934
175484
320089
560138
568744
437711
44583
138507
44613
306800
380351
306878
407390
175830
44763
569081
306950
175883
307020
537765
175998
438167
507781
44995
176090
569320
569353
176148
438314
176176
182281
138595
569449
569530
569550
438496
45292
197577
357774
176506
307618
437967
569792
376864
45526
176612
45558
269738
307732
307758
176694
45653
176746
45771
377397
438500
499082
308059
308197
308251
237222
308384
46276
439518
422779
422782
5907
575701
46385
24625
46422
308674
308688
145211
570879
46676
222027
571036
571039
177840
425862
379193
302715
46950
571562
309511
178485
385661
309706
440827
571934
309880
178812
441012
572089
310049
47907
310085
248333
572526
313880
10337
29909
572680
179476
310558
310670
445592
441965
179951
48882
442104
48939
180079
180085
357696
442287
49095
180186
311290
573456
311337
573485
311358
311370
573525
180327
573584
49309
180386
573635
226679
311516
311521
532520
180470
573724
442657
573763
442743
311706
161178
49573
49581
180720
442874
311808
311811
311822
574034
311895
311974
443095
401532
574215
17791
181155
181216
574461
181356
574635
50358
181438
532684
443631
181503
423488
181649
443829
30288
312958
292459
575133
181929
181949
444107
313164
481796
575323
281029
313249
575417
176285
182258
51199
575530
182335
560818
8559
575644
516725
182496
575717
183336
51453
313600
51478
182575
401802
182604
313712
575860
313787
575961
51704
19181
139702
313950
313971
51851
315972
445093
183414
542931
576301
52036
52073
314237
314282
358216
183236
183247
532999
445495
423782
183435
183453
445620
369078
54121
183538
314626
52518
52572
576877
445829
52631
445853
445680
314845
183827
423860
446014
446036
52928
446152
398934
184065
577283
446223
315168
184116
446269
184176
446421
53232
315383
183642
446539
184396
53347
14870
315568
184523
568677
314750
315654
577808
577809
53539
380301
53589
53632
402170
315895
184940
468801
185064
316142
316154
185097
185116
185158
9016
185236
54260
54318
316481
54341
185452
54385
54386
54401
54406
96450
578737
533377
578900
402321
447862
447885
9119
433910
185818
54755
54758
433911
185849
185862
579101
316963
448046
579186
54953
448177
579255
186056
6197
315013
579386
362620
317331
9199
448413
55201
579534
55290
62344
317521
186500
186526
489845
489853
186717
97873
140365
317962
580120
317981
317986
249619
187012
318089
580234
580274
318162
318179
118572
580374
449310
580392
424412
187213
580454
580459
56201
449422
318355
318365
323347
318475
580625
185186
187427
580685
187560
56499
56566
187659
56604
187683
56632
56677
433975
449913
449959
162386
450087
319043
319057
416972
359029
450270
581351
57166
57217
394713
57300
319449
319492
319521
188457
581697
450672
319613
188639
57579
285612
577583
188712
188762
450952
390365
451018
57810
111040
320077
189045
57979
89223
451278
58105
189183
320374
320376
58270
320432
320454
58351
320503
451594
189472
451720
451854
162691
189737
320835
189774
320902
452004
320946
320964
452072
293030
162735
189998
58928
321097
321127
452236
59082
59084
321235
358429
190187
59169
321330
321363
190322
452479
139400
452524
190413
321495
33249
59388
324952
556033
9904
452650
321702
403144
59632
446853
59685
321852
321940
321969
294416
59918
404063
322180
60040
322212
60077
551931
453351
453397
194043
272745
322362
403541
322388
60245
322427
191363
322472
453553
162977
425123
119297
191525
322615
191609
60539
453775
191690
191716
294107
322945
322992
547592
191962
359678
454144
60986
61072
323218
323264
61133
61144
323303
61184
32044
277003
61217
368659
192348
192357
176622
323470
32068
323483
192476
192575
61527
61698
454923
323862
323889
192824
469047
323968
324026
61911
61946
193042
525807
548088
259572
62131
316190
316194
455427
62219
62272
455532
393760
234352
268313
62390
193476
316238
455660
512854
193623
62833
62850
325014
193947
193953
54171
307612
456161
263968
456286
456302
538938
512967
141600
456390
456391
194276
63230
63266
325584
456670
456678
119808
456724
491182
63519
63561
63573
194685
63662
194742
32458
194758
63698
98008
456988
325936
63886
326048
326056
326092
326098
294652
195062
457231
163594
181079
64259
403935
195391
543371
457586
272877
401962
195513
195525
326601
457705
119979
195671
195696
195716
457861
195725
457892
326966
327026
327029
327032
54510
64954
111277
535125
327205
327304
168022
525913
327369
73061
196368
65336
327498
327536
310315
65447
196608
458821
327768
196711
196775
137491
508477
220419
196981
459147
65984
459203
66066
66088
459310
20517
197265
328361
197305
197427
399382
426128
66420
328676
390658
459767
550369
459787
197661
66647
557245
98494
66691
66696
329004
329018
66877
460094
329035
460134
66930
85155
198027
198030
274536
329151
67046
67057
295166
198137
67099
460344
329286
185954
198240
2193
460417
329354
460453
329384
198396
329527
67445
460694
198561
460715
198621
273403
460791
329748
460872
460950
11302
421253
330004
461114
461170
11328
461252
68053
330208
68082
68158
330342
68283
461506
461519
352233
461561
330499
330513
11398
68422
68445
461688
330660
199619
102670
251751
461989
32843
199899
277167
11485
68914
462135
11487
462164
200024
451539
69700
453332
426712
69978
361208
70122
201273
70347
463596
29275
463800
332736
71055
21423
333368
121110
482472
464675
395169
536237
317825
355922
230545
465859
252413
492715
106978
536433
274323
99671
205334
336465
493000
421476
467769
467779
576736
299029
468011
225087
230966
75170
427606
75458
374976
231071
469053
121884
207231
338357
447724
207481
556547
100207
493439
470471
253219
470937
77760
340489
78466
187855
78562
253424
78772
341121
525939
241025
319104
515728
15750
581278
456572
377218
408576
581391
239805
122653
342774
218762
384883
100972
474785
144703
253965
213117
344196
275831
475475
378089
122959
254042
581744
344883
378790
345331
214266
557065
578890
345598
214816
346049
346179
123247
477383
84211
215410
77025
386906
360719
254476
320015
385552
101564
565053
347407
299632
83332
478781
578972
385701
348143
217131
14385
348598
479803
276590
333152
86797
86875
86993
560636
306095
64009
320391
87649
218734
87685
218763
480948
218863
481042
218941
218984
219117
466223
481298
350268
276849
321550
219411
219489
88448
219527
88514
487409
189520
560891
102144
350722
219832
386179
548772
483059
429887
160085
251262
220234
89187
482409
89232
102256
48604
351494
473647
36741
351539
220505
482659
482671
482706
89552
16355
351719
351770
89631
482858
89696
482984
89770
483015
483043
89849
483139
352081
483316
58708
90137
90140
29189
352360
90261
233497
221420
352511
81571
547777
221515
221540
352680
221614
483771
386475
483889
301754
483948
483992
484019
221888
90836
364680
386527
222086
91023
222107
91051
238717
484401
353461
146294
80771
222510
91461
353716
222686
222691
72883
539562
299270
293353
91778
33608
485016
485180
354221
354224
354248
452259
139304
17203
354277
299346
277507
354327
188287
92206
485440
485462
37222
531179
485543
15394
225667
223470
485632
485649
485654
354608
212025
223603
485755
502738
485800
354761
223701
92645
223726
485894
539922
354839
92799
278055
354955
486035
92835
354993
223942
277632
517936
486262
486410
224272
224282
224371
224445
93378
93579
355786
486941
212229
13719
93176
356174
94132
487504
299704
356445
112359
234211
500705
487834
454002
487962
356938
225870
168717
356958
488072
225931
357004
357036
488135
94920
357076
357089
357113
488203
343596
357272
226247
95211
452783
357424
357456
387256
488547
95381
95390
357602
357612
357614
95494
357684
488768
142847
256231
357770
226712
95659
226747
488941
226872
357967
357975
15976
358020
358029
226966
95915
358085
111289
489186
234452
96030
358176
227109
358242
358253
103401
96130
96211
462404
358391
562196
227617
227621
227635
358767
227724
489998
96808
96828
423647
490129
359156
97021
228215
228256
97218
97238
228340
490518
490646
359704
97672
228799
97743
228876
491128
360068
491164
229058
98001
491302
360302
355051
491510
491525
562527
360517
229598
229678
518883
491879
491883
360831
562589
229969
492243
230169
492347
361291
99162
492379
99180
492402
561962
99311
492583
361512
361518
99415
230601
361685
361755
361844
361907
493056
127235
493121
287027
388057
493384
231320
362438
562849
231401
269577
100407
461619
422279
362642
493791
493812
362764
493851
278923
362919
100836
363014
541113
363107
103746
363194
494282
101094
363318
494391
155177
363423
494548
104270
487837
16898
363541
330716
494721
363750
363764
494854
363806
497542
232746
494900
494904
101719
495055
29579
495100
459471
495169
101978
570785
495266
233143
364251
233224
102166
102175
68874
495568
364566
102451
233558
495750
233613
279241
495867
233726
199822
364850
495969
90712
352585
233892
496065
233955
496116
496123
234748
104543
234084
182377
365222
301169
365271
496348
400606
301191
103236
496499
496517
365452
103331
103348
103355
518455
103386
234474
234527
103486
103513
39100
496793
230404
365729
496829
365879
103758
496977
456344
497050
365980
344989
234949
234994
234997
235031
104711
235062
104020
104021
341996
235168
192114
366257
547795
366329
497402
104265
104310
235429
235443
366517
235471
541690
104454
235537
104466
366717
378832
388807
235741
104811
104844
410704
195355
498152
170413
454408
279647
342665
404990
252277
323369
236312
236335
236336
105344
236422
367519
498639
105444
367605
498690
236568
105516
105529
257893
498809
214210
498854
367814
367869
39467
126856
105784
236919
105904
17651
105921
105933
368087
368103
499191
105998
138830
301671
39528
106119
106144
106145
432754
126921
563839
518552
499532
499538
378890
237515
147574
367271
300333
368637
106498
106499
499784
237645
237663
368768
368876
368879
368896
237834
237919
237944
500169
369139
107009
238184
107119
107162
117046
482392
369355
323705
369509
369516
238448
238568
369644
369792
500941
238808
238828
238928
336688
239016
370120
83546
108217
370400
108266
239350
239398
239483
501638
501648
138911
108499
239613
239616
544815
258391
282669
108606
239726
214726
370892
476893
371090
502212
502232
371186
356869
564341
240339
240376
502553
525340
304794
109444
550655
371648
502724
109509
240689
240695
109638
502911
109700
282982
371871
144194
240889
372045
214592
411541
110000
40181
110078
149422
241188
503385
241261
18370
503441
110252
503497
455300
110442
110447
372618
110493
372709
110613
241764
322297
313569
421059
504058
241945
241962
82255
373099
455406
242113
242163
504325
10342
111195
504502
242378
111330
373480
258859
504591
373536
324401
111422
504657
111447
521021
111489
121555
504766
111556
504774
111648
504911
111768
111820
411853
242931
111922
111972
243211
112208
112226
84546
243421
553671
147772
287437
505661
374651
521195
521204
112604
505879
492580
243823
374904
112793
112832
506169
315092
390213
375220
244279
244291
281027
506598
375568
375575
375688
506802
375750
375802
375814
375815
412174
527532
115374
193751
376084
376153
114027
245116
356029
376241
507390
376377
376384
376385
507459
376457
114333
248579
245472
245483
187120
507665
565211
324916
499679
507769
352980
521570
277473
376953
357349
246026
115005
578137
115056
346867
115145
391910
456109
246312
377423
508577
377518
246528
246553
115485
246592
168366
346950
246797
325126
462131
246938
115902
115917
115950
51871
115970
247050
128557
247068
116003
247121
116141
509419
116250
237831
195911
378437
150455
336532
378522
19399
509626
116431
509657
378710
270579
509895
259758
247858
247909
325310
248002
82457
510239
379173
379201
117116
248194
379304
248389
510591
117400
510626
510656
248601
248815
281779
92439
511070
449106
380039
383639
117937
64507
380126
118089
118131
511350
511358
19694
118219
95592
118249
249429
249445
118436
522185
486362
511716
118581
511803
380733
380893
380924
118870
250043
118974
119015
381256
381330
119225
19871
566021
512569
250474
527720
250543
250593
250607
119550
119560
250639
512797
512940
512951
456863
381922
381967
250922
34842
251079
440449
56549
282190
325903
120491
382638
382707
120585
513805
241723
120642
435182
567049
104410
514131
252036
216771
514243
121052
121056
252136
383213
194941
514391
383372
340941
121575
383737
383764
182995
102066
252702
383807
514887
320292
515072
384146
384168
122105
122118
326202
477417
515630
122511
384693
122597
253716
253730
253733
384853
11292
37479
413676
253854
326299
173392
122945
122955
254028
385118
385185
254176
254210
385381
123273
123286
385604
516782
123697
123721
254800
123855
386029
254968
566785
239113
517176
123974
417802
801
517305
124235
124311
124367
517594
386537
124428
6066
386619
255554
435814
20757
432914
517780
386724
386834
386919
518023
518026
255941
124874
387044
457739
256155
387243
566984
256184
125118
518351
575922
256465
518659
387606
125464
387615
235498
256606
518858
387809
173865
387903
256869
256930
256965
519136
125928
457924
436287
152096
388312
388412
86581
388469
519566
388511
479941
108451
257497
519685
257558
388652
26035
519731
257628
388753
257690
267950
257713
388805
388865
519939
257821
282464
388940
126809
257908
257945
520092
126915
389159
258095
389188
217793
258288
258305
389418
127282
152294
389492
258478
81587
258555
366501
127543
441663
127620
258853
258854
521005
258882
521175
56636
521216
128013
521250
220371
521296
259188
259192
128121
521338
390286
259284
128281
390439
370911
128337
259426
259458
259464
259467
521652
65098
521663
128462
128480
361567
521806
521870
128682
174375
157981
480306
522708
371137
129725
392186
130132
130292
523576
532449
392715
392747
393155
393121
130993
131011
415052
