410266
524692
143158
395598
393735
393738
262670
393744
529
531
532
305924
540
131613
542
262688
8747
262691
262692
131621
524838
262705
262707
262238
262710
284084
262715
572
262718
575
536855
262724
581
262727
524877
131666
595
597
284089
131674
262747
131678
393317
524897
393826
262756
524905
620
524909
131696
625
629
634
393852
524925
524927
524935
131721
650
546242
393325
656
524946
131731
131735
524956
670
393887
673
524966
393896
681
131812
684
393905
690
131764
524983
524984
393915
524991
262848
706
262851
131784
21964
262862
87501
722
262869
525015
393945
731
525020
525025
153041
525035
262893
525039
393997
262935
131865
262951
262956
828
525124
839
394058
263006
525171
532501
263043
131979
525206
13124
927
550028
525226
525236
965
132038
394190
166201
1014
397205
394242
394245
132114
263189
132120
394266
419029
132141
394286
525360
394303
525382
1102
1108
263275
263278
132212
394359
132217
1168
525462
525467
263327
394412
1200
1204
528147
546337
132298
525518
132306
132307
394468
132330
263406
1264
1271
415275
394504
263434
1295
263440
1298
263450
1308
394532
394539
87602
525615
263482
1359
1366
394595
525684
1397
525695
394627
132494
132495
525714
132500
394653
394658
427771
263604
263609
394691
132552
218701
1488
525782
1497
132571
525790
132576
1505
132591
1526
525815
263677
1536
1548
1558
263703
1569
394790
132654
263727
263735
132670
263744
157176
263764
131342
525915
132710
1639
8731
394866
132724
525944
394879
1670
1674
263823
394896
1681
394900
394905
525980
525990
394929
263873
526033
393508
132838
270659
394992
526070
1785
1790
528167
1810
132883
526105
395053
132913
1888
132964
264043
1900
395120
1907
526196
1911
1912
1915
526204
132991
132993
1924
321
395144
264076
264079
526225
1941
1942
1943
526232
395170
395171
393542
395178
1966
131400
395187
395193
264127
264128
395203
395204
401602
538057
1994
395211
1997
395214
395216
2001
526290
526291
526292
395221
2007
526301
264158
401603
393553
2024
264169
395242
30619
526320
264179
526325
133110
133113
133115
395263
264193
395268
264197
2055
2056
526347
526350
133137
2066
2068
264214
2072
133145
526362
133151
133152
284336
395304
2089
133166
395311
264241
395314
153267
395318
526391
264250
395326
264256
526403
395337
395340
395341
133200
395346
395347
2135
133208
2148
395365
2150
264296
526441
524648
133234
264307
264309
524649
526458
264316
133247
264322
526467
395396
395397
2184
526473
133261
395406
395409
415427
133273
526491
264350
395424
2211
133284
264358
395432
2217
133294
526514
264371
2232
526521
526523
133308
133314
2244
264389
526534
264395
264396
395469
526542
395473
2258
133331
284366
264406
526552
526554
546511
395491
2276
526565
2278
395495
2280
395498
395500
395504
395505
264436
133369
526588
395520
393600
526594
526598
264456
526601
139679
526608
264473
264474
133403
264476
395551
395552
2337
133410
2342
395560
78
395567
133426
264499
133428
395576
262538
264511
395584
2369
264514
2372
2374
526663
133449
526666
264525
264526
133456
133462
526680
526682
133467
395614
2400
2402
264551
526697
133482
264555
133486
2415
133490
133492
264567
133496
133505
133508
526729
133517
264591
264598
395673
2459
133532
526750
526754
2470
526759
264618
133549
131485
526769
133554
131486
264636
526782
264642
395716
393633
133580
131490
264663
526810
395742
2531
264676
2536
395765
264695
395768
264697
2555
2563
526856
2570
526861
395791
264720
264722
526867
133654
2583
395800
526874
133660
264734
264735
306267
153350
133672
526890
264752
395828
2614
133688
2618
2619
264767
526912
133697
395850
526927
2644
554382
133722
22287
264797
133727
133730
133731
264804
264806
526953
133739
526957
526958
395888
526966
264823
526968
395899
264828
2686
2687
131522
264846
395920
133788
527010
527012
527013
2732
264884
395957
264886
264888
395966
2754
262603
395973
527048
133835
133837
393677
395987
133845
2774
2776
264923
395998
527073
264930
437371
396004
396006
264936
527082
527083
396014
264944
527090
527092
133879
527096
133883
133885
396039
527112
527118
284461
2833
133908
133909
527134
2849
262619
264998
2860
396080
133937
133939
415540
265020
265023
396097
527173
527181
527183
2896
157219
2902
527194
265051
265052
133981
527207
415548
133994
265070
527216
491
134033
2964
396186
527263
527264
527267
2989
265139
396212
265145
527291
396221
265150
134100
134111
265187
396260
153426
177726
396284
3077
265235
527388
396321
396326
44209
3118
265267
3124
265274
265280
396354
131595
396362
3157
527446
265303
265315
262673
134262
3197
396418
265351
265353
265355
527533
134320
134324
134325
157231
3259
396481
3276
396495
265432
134362
527584
265447
265449
134378
396528
396534
527640
3353
265503
527656
265513
546695
3375
393781
265553
3412
396642
3432
396684
396685
396696
265629
527785
527786
265646
527796
3514
3532
527822
3538
527829
396765
134622
134639
396791
134648
3579
527868
396812
265748
527899
3623
134697
3628
265781
265810
134755
134782
396927
3713
396942
3735
3737
3770
528074
3812
134893
528117
528131
397064
134948
266026
134955
397132
3920
153572
528224
397163
397184
397186
397190
3995
266153
135082
528299
397231
528305
4020
266165
528345
266217
528374
266240
266242
397315
13230
528408
4138
4139
528432
135229
528448
266311
4172
4173
528465
528466
528471
135258
135263
135270
266350
397454
266386
131780
528541
397500
528587
397526
397527
266469
528621
528624
528657
135442
4377
135472
4410
266556
4421
528710
266571
135508
397678
135538
528756
528761
4490
528788
4502
135585
397735
397736
4527
135607
135608
397759
4549
397772
397777
393978
397792
528870
4587
528880
397815
528890
397826
528900
4616
266769
528915
266773
266777
262917
397859
528937
528944
135730
4662
528961
135754
781
4702
397920
528994
528996
4711
4716
135794
529017
529036
397987
135845
397999
398004
266939
398017
135875
529095
266968
4830
4834
22652
529137
267008
135938
398083
267015
4876
4880
135959
398105
135965
529188
267055
135984
267067
821
529227
136014
398164
529240
398202
267152
529303
5016
5018
529311
398260
267189
529340
529347
267210
398287
5073
136154
5083
529376
529391
5111
136200
267274
267284
267290
5152
5156
136230
5165
267311
136245
267329
136267
398426
262777
136302
136312
398463
267417
529562
398493
398494
529572
136360
136365
267443
267457
136394
398544
5335
529624
5339
398568
398571
5368
267516
5376
398596
897
529676
398609
401569
437808
267556
136493
5425
432268
136503
267594
398674
267611
267612
5471
529772
136559
398704
136565
529795
529800
43829
284911
398752
5559
529864
529877
529879
398821
5608
136683
529910
136699
136701
136721
529964
5699
267852
5740
530047
136849
267925
267289
530081
530082
547099
5809
267957
267969
399054
530127
399064
268008
136949
399095
5915
530211
399154
284979
268100
268122
268130
399214
530289
268159
137090
399241
399250
153923
137115
268197
268213
137178
547168
268370
268406
399490
268430
22899
6327
399547
404194
6355
6358
268512
399585
268516
6380
399615
6406
530713
530729
268590
399668
530750
399687
530796
399746
6539
6562
399780
6572
6578
268739
137681
530904
137704
6640
399875
530966
399899
268845
525405
6709
399932
154037
6749
268900
137832
399983
6811
400039
268982
268986
416202
6862
531151
269022
531171
269054
137999
6945
400162
138025
6957
6973
401768
6998
138092
269174
138114
269229
138166
1183
531396
400332
531431
531444
7159
531453
138248
269338
269366
138303
531523
138310
138368
531591
531596
138385
269458
400535
400558
400571
400576
7361
138436
148639
400592
400599
285220
400602
400625
138482
416297
269561
7420
531715
531719
138514
138529
7476
7503
7504
138591
7539
531831
419245
269693
531860
531868
416325
400809
400822
400828
7615
400838
400850
7650
400870
531948
531956
531958
531960
532014
7753
427981
269903
138836
558917
269927
401007
7796
269946
7809
394518
154220
532106
532115
138905
401054
532137
13355
270004
401085
401094
270024
263458
401109
532188
138977
1319
139000
7944
7946
270106
401182
139930
532269
401201
139067
394550
139083
139109
401266
270195
139151
401301
401307
139173
270248
270290
401369
263503
139230
1360
401390
139258
139270
139272
139275
532495
8223
270369
270373
263516
270384
270388
532557
532559
401499
532577
8294
401512
8297
139372
532589
401528
8314
532603
8321
401553
401558
139429
401580
8383
270536
8396
139469
23245
532689
532710
132476
139503
394623
270605
139538
532775
8494
532789
401721
270651
270661
139590
401735
8520
139598
401743
262579
8536
270688
401766
132497
8553
532842
270703
532866
401829
139686
139696
263582
8630
139711
23287
8653
139728
270809
401885
139748
272402
401910
139780
533004
270865
401944
270873
8733
401957
8746
8761
533054
8785
8791
139865
8807
270956
533128
533134
8856
402081
271011
139948
285470
533176
139983
271058
533228
402167
533240
271118
8979
140074
402221
402224
271166
271171
9045
402264
271195
547643
140152
402305
9095
402331
9127
140209
533441
271298
140244
394747
402407
402408
533484
402420
140291
271373
402447
533522
533529
271388
144337
271396
140328
533551
140360
394764
533602
26498
271495
140450
132638
271542
402621
140493
9425
271591
402671
271604
9462
1580
402705
533784
271641
533808
23434
402770
140627
402776
140633
271714
1596
140655
271729
271736
140666
9608
402829
9620
140693
140700
533917
140708
533944
271803
402885
140787
9723
271873
271875
402948
9735
263767
271890
534049
271906
271924
271930
9797
403028
416697
1811
554621
271972
534124
271992
271994
9866
140940
541529
534168
272034
140984
140990
272064
141003
534220
9935
272101
9960
272143
10015
272160
141121
272203
534366
403305
403306
534391
534412
141229
23539
285686
528446
534513
10230
272405
141336
397513
272412
141348
10281
272444
141382
403556
534633
403571
141429
534655
272544
534694
563370
10445
403683
35265
141557
534796
394972
403754
534848
534867
272735
10624
141710
10639
272790
534958
534965
403915
10701
10711
535042
23639
403986
535060
10784
404024
10818
404064
526098
404108
397534
404127
141996
273069
404148
273094
273142
535302
404233
154754
1837
404242
273175
535325
142123
273207
535355
273250
11107
273253
11146
11159
535468
404450
11244
142320
142322
142333
404495
273446
404533
142393
142418
142420
398901
23743
535692
404621
273560
273561
11420
273576
166233
11461
404684
132984
535768
142601
133004
528493
23779
535896
535899
11613
142689
273771
273814
142746
142749
11680
404917
273850
11713
11720
142803
11737
404964
142824
536055
536059
11774
273929
536087
11826
405058
274039
274047
405141
143006
143009
405194
536278
536286
405271
12069
143168
536392
536419
12154
143256
274334
405418
536494
405435
405461
548177
536562
274430
274437
12313
548186
528517
143416
274496
536641
536648
12386
405605
405612
536707
536730
426930
143522
143528
12459
536752
12497
12501
12509
536808
536834
264235
143623
143630
405800
405823
274768
405843
536960
143756
143797
274881
143811
405964
406011
12810
143900
406047
23986
275038
537213
406145
24002
537231
537255
406224
406233
275170
275190
428163
401977
144353
13285
275432
537579
144394
13362
395444
2229
537667
275558
406662
275608
275643
13506
266687
13670
406895
2281
526571
406924
13717
275895
144832
406982
275917
144906
407092
13967
407197
407201
13995
407246
14070
407377
276317
44117
538470
407441
538523
14269
407505
526671
407522
276459
145409
538643
14367
145452
276531
538682
276542
276559
145497
276572
276584
405121
407689
14502
407739
276686
14543
407761
276696
145631
276716
407795
407810
538887
276749
145690
407845
145718
407869
264589
538985
276874
539051
276931
276949
539099
408040
539147
14876
539167
277026
408100
433825
395703
146053
539270
408207
539287
133573
408239
146096
539313
288559
277237
15122
408345
539418
539430
15153
408373
408386
15382
146469
539702
539718
408664
408680
408718
146602
15544
15546
277697
539845
526881
146649
15588
539891
277764
408854
539930
15645
277799
15658
535282
408923
277852
146801
15757
408978
540092
277950
540135
278001
297764
15902
540205
15919
147012
409199
540273
540287
147076
147105
147134
278238
409327
540428
409368
278297
278335
16195
548834
147283
540503
409444
16240
409468
147342
278418
262413
16290
329191
278439
147371
147459
278541
558764
409621
428503
409651
147520
409669
528213
147543
550478
286742
16547
278692
16567
147646
540864
286753
409811
279438
16659
409949
409966
541092
410082
410107
410143
410175
279117
541327
133912
279189
410343
541439
17181
155790
24723
410498
541574
17320
148452
410601
541676
22811
396120
279577
17450
17460
279693
279697
17583
17585
148676
286925
279763
157239
541961
148747
17696
17703
148781
542020
542033
2963
542081
542088
542103
262861
17839
411061
542160
148963
542200
280062
17938
134068
280133
18000
542312
18048
149157
18090
280266
18127
265167
411408
149280
411443
149314
542552
18290
149394
411557
542643
18375
149467
411620
18418
411669
18464
550049
149610
149615
542866
158582
542881
18605
134177
542925
411862
149726
280823
18704
149812
411975
543084
280942
18816
18839
412083
549284
156069
543202
412134
18930
281105
412200
412208
19002
543337
543379
19096
412325
135937
550569
543585
19318
134294
3225
281503
19375
543695
543697
412631
543754
19472
281646
543795
543803
543817
281678
412756
150614
412910
19698
19707
412947
19766
281922
150858
19789
19794
19797
281952
413092
282027
282032
282045
413122
150981
544240
413182
282129
282147
20012
282158
20044
20090
413354
413382
20184
544483
372862
544502
20245
151352
48145
20389
544728
20444
536969
413754
413776
20561
151658
413804
20611
20644
282843
151777
149085
3461
545088
282952
200080
151927
283018
545165
545209
156406
134564
20971
152084
36318
414276
545351
152162
25455
21194
21204
545500
152286
414499
21285
414609
414610
152488
414639
152505
283600
414683
414706
156499
152573
414733
283678
283704
283753
545919
283835
283859
21780
283937
152922
546211
153019
153052
415206
546285
549804
22044
156593
415277
153142
153159
134754
153204
153224
22174
265840
546473
25548
153290
415464
153321
546538
153332
546575
153394
415569
284498
284507
415589
546703
415641
22482
22529
134829
415776
415790
546864
428477
284814
546959
22675
398770
546981
22719
415946
265933
547043
547052
284920
546586
284955
284964
416048
153920
22871
153965
285059
22964
416181
547267
154083
23025
154124
23098
416355
23140
285292
134937
550000
23219
547513
154329
34423
416482
416484
23275
23280
154373
285478
547637
416576
416625
285571
23429
547722
416651
416653
547726
547730
23480
154564
154600
402563
416810
285784
278612
23673
23676
416912
416950
419017
23737
285893
416997
154878
154898
154907
285990
548136
548167
286061
23949
155047
417219
417261
417264
24073
286234
155165
548384
417330
548418
417347
393611
417376
286376
111842
286483
557944
24352
155450
155461
548732
286645
548802
417753
548835
24551
24571
417797
417835
155705
417870
24706
24712
155794
549017
155823
549044
24778
286930
155862
157049
418030
549114
418056
418057
418074
415458
419212
155998
24932
418178
156035
156043
24991
418221
418260
156170
25100
25110
288180
418397
156259
4201
287361
287372
25232
156312
287418
25376
549703
549721
25461
287656
418737
25528
25533
25549
156652
287760
549910
549915
156700
550410
549958
25675
287831
156763
418935
550009
25755
156836
419015
550127
550140
397203
550147
419076
157017
25996
157133
434004
157160
288234
288236
288283
419372
157278
550540
26310
397605
157424
550652
288519
288609
419689
156425
419724
26529
550845
288703
419785
26576
26602
288761
157693
157704
157708
26647
550955
157783
157806
157815
26746
26748
26782
551074
420005
288943
26829
420054
157920
289012
157942
551172
5260
551227
158043
26985
551299
420236
551372
135592
551464
551466
420404
27191
551481
551522
27252
551575
266697
551676
27395
31465
551752
27490
550719
289663
27522
158701
551936
289816
551961
420892
420939
158821
289901
552052
550761
158853
27798
524672
158996
290072
421150
290080
552234
552245
552254
421184
552304
421250
28072
28103
159176
552417
552446
290332
552488
552517
552561
421491
421520
28307
290460
421557
552630
290498
552646
159482
421630
421677
290656
159601
159634
290718
421810
28595
290754
546518
28626
290804
44600
290846
553025
553046
28823
422064
553148
422100
546527
159993
28924
332767
158087
553299
29096
291262
422341
160229
553446
27158
553498
160290
29324
291476
160420
422583
422585
426170
553700
291557
160535
553760
291625
29482
553777
422758
160628
553849
291767
553913
136289
553997
29724
554036
29752
423046
524736
160931
423081
29879
29892
29894
4984
29936
29943
292102
29964
292116
30000
423223
554301
423234
135499
35916
30055
161157
30109
292257
30120
157940
292294
554464
554490
30239
30247
161328
423481
306525
30303
423540
30332
30349
554643
554664
292522
292549
30437
30488
30492
292668
284768
292727
554886
161673
423818
289095
292782
554943
136185
30712
161793
161814
292887
292920
136202
30838
555143
30856
424105
424110
424165
162033
555282
30995
136240
424278
424303
293233
293240
424327
31112
162215
424407
555534
5210
424482
31273
555583
424529
555606
31335
555625
293492
555640
162435
162452
555683
162475
555778
555781
424718
162592
551389
398473
31612
31641
555940
555956
293822
31738
31752
424989
424991
556065
31913
31941
425200
425208
556306
425242
163101
420406
32074
294226
556383
289342
425341
556417
267499
32134
32149
556458
32183
294346
163319
163326
556544
425473
32270
163350
556568
425497
5383
424434
556599
556620
556624
556636
27237
294498
556669
294527
294535
425622
32413
294565
294574
556719
425653
163514
556745
163553
163559
294659
556830
294688
158342
294702
556851
158207
32575
32579
556888
425817
163683
294761
163692
425837
163713
163727
425881
556986
32699
294847
32707
32720
557021
27302
32757
27307
294920
294942
32804
426026
294956
294968
294970
163917
163921
426083
5459
295020
32906
163991
163992
164001
426146
164006
32937
164013
295106
164040
551631
164066
557291
295159
426232
136575
426254
295193
557342
33077
557368
33091
295236
33094
295265
426348
426350
426370
33156
557461
426403
295343
158451
557496
557568
33300
33305
557609
33323
295476
426551
557625
557636
33359
295524
557694
295560
33417
426640
426642
295575
295578
33444
33445
426674
164534
557768
295626
33488
557783
158501
164587
557811
557825
426791
136670
426807
33593
395293
164727
426880
5614
295836
426912
557985
164772
426920
558018
164810
295889
33761
164842
33773
426997
427016
558089
558092
295961
295970
33828
164909
33840
164920
558148
33861
33874
164955
296033
355175
33901
296064
558221
33943
427252
296187
296201
34074
572888
296289
34151
427382
289684
165248
27544
165267
296360
165299
296374
427449
34235
427462
398924
296403
34267
165341
529248
34279
296424
558570
165376
415728
427586
34404
34430
34437
427654
34439
296613
296614
427688
296631
165562
165587
558804
263845
427736
34523
165611
296711
34574
565684
34579
165654
165658
296758
427832
558910
437605
427864
558942
165727
427895
558983
427915
296868
296892
427972
296933
428019
428039
296987
34854
165930
34880
34882
559194
428152
166036
530124
166093
297173
166120
166130
297210
559356
559366
428320
35127
559427
166236
428420
552001
35211
35228
559522
166310
559527
428457
35272
166349
297451
166386
166414
166420
35352
35361
35367
428602
428619
166477
555473
166489
297570
559728
559733
428665
166533
559752
559762
297622
559768
166556
35508
297665
166599
428746
268067
559840
297724
559877
166716
559952
559953
297811
35668
428896
297829
166764
297877
297907
428986
166853
35818
35820
429039
297969
560135
560137
297995
166926
298031
298034
560180
429111
429116
166998
167006
35935
35948
560240
35964
560260
298122
167062
429215
298146
298152
429256
298189
298193
560350
560372
560384
167169
167180
167184
36113
298297
167229
298327
560472
429416
298350
560526
6042
36260
36262
167348
167375
167383
560604
167393
36373
298535
429614
36417
167490
429635
298573
167525
560748
36473
167551
36498
298672
429746
167645
429793
429809
429829
298759
167692
6107
36652
429935
36726
36736
561069
167855
298938
36805
36816
561106
36827
561131
430067
561156
561163
36903
167995
36966
36968
430192
430193
168067
430215
168083
168097
430261
299190
168121
312010
168127
561346
168145
430342
430346
561424
561426
37140
37174
168294
430522
299474
430555
299498
168451
561714
430660
299594
168533
37514
561849
430817
561910
168748
332958
37682
329831
37757
299920
37790
562144
168955
245675
37905
37925
6332
169066
433353
38122
562463
300326
38232
6379
38317
169527
169579
431904
300966
563123
301042
38910
301129
38986
301136
170106
159424
170130
301207
301209
268656
301281
39191
563535
563617
563645
170464
432668
301615
301648
399809
170666
39629
39686
114801
39764
530925
433045
302021
302071
302102
171064
433212
171194
429059
564449
171363
302443
564589
433531
302467
564676
564705
433691
40498
433715
302675
433839
1355
171785
434027
434139
303126
565381
565399
434338
565446
41357
172492
565740
41606
303800
303991
172925
134705
435109
566201
566419
42166
42173
304332
566512
173300
435471
42339
173482
524819
371482
305772
174766
568177
43892
568210
43968
306128
306160
175129
568432
44160
175238
44167
44178
306384
306511
553563
175745
437996
438026
306967
438126
307148
307240
176194
569492
438462
307426
291540
307483
176432
176551
176558
307652
438864
45659
398696
307999
439106
177011
308086
570285
563329
46630
267794
177957
309153
178112
571389
309311
309552
571787
440844
178876
572145
310079
179034
572413
310289
48163
179245
573357
395744
394415
48354
179460
10799
48893
179997
180002
180047
180099
573336
573341
49069
49378
573704
311589
573827
180613
573841
573920
573973
574132
311996
181176
459953
181534
445325
443926
313388
167559
270740
505477
292645
264502
158183
394590
41389
276789
424237
30566
162161
283766
416750
416535
417627
162520
319783
424823
272027
167862
61147
202807
272365
10245
534555
272481
421145
268403
10929
458876
196747
535234
459111
197001
328101
328106
328113
197057
197068
66003
328162
459339
197257
197264
459585
197629
197780
11129
328935
460055
197951
460254
67571
329535
68047
24103
461868
199739
408187
68751
462472
69314
462579
535871
69878
69929
69971
70011
332203
70092
201236
463429
463533
404943
70727
70965
333151
71043
71232
202448
464615
333575
542514
333595
180639
464766
295916
71651
571780
569795
44129
20698
467071
467246
336385
336397
4859
337452
206400
337812
109591
143711
337991
449613
406055
318768
546952
449873
187785
187797
88267
209662
166047
35318
210542
556954
268901
406659
536498
349698
472393
66014
81
79269
35589
472502
275922
213902
284246
560004
428943
400422
286492
443618
477494
429131
145161
137609
29014
347419
87382
349870
87743
87756
480977
480979
87767
218840
349914
480990
349934
349939
218917
87865
350028
218985
350070
481284
350253
88176
350327
88200
350361
350449
350452
219451
481609
350837
482084
219943
220115
220152
351239
482332
14864
472832
482464
487434
89652
270323
351979
14985
352213
90237
471966
90258
277218
221654
484108
484289
484324
484899
91696
91868
354063
223007
91942
354185
92122
92216
485547
354699
321262
223718
354874
224029
486215
355192
355236
221335
93424
146654
93842
356384
487476
270362
227117
96091
96414
489723
358980
228045
97078
570629
308783
15843
396105
230700
493300
493454
231338
100448
55737
363410
550839
102225
162930
432216
344880
234475
279457
388696
497709
497788
104768
236078
17566
8305
279749
236910
45226
106521
401846
86526
236571
502140
109119
240234
495905
109324
502543
371595
502712
371647
371651
371702
109560
109622
371791
371794
371836
240944
477079
372172
110094
241178
241345
503539
372555
503653
503706
503734
503906
110693
110811
372976
180555
110937
504178
504211
373332
242350
84089
171479
139012
504951
111756
111799
354546
112358
374553
505932
374873
564982
543155
113449
244585
375659
375729
266299
113851
113857
565115
376422
245367
507542
114353
114652
346795
114705
508064
508200
508244
377237
377252
377342
246285
41079
116155
452938
510771
510813
172543
248862
117871
511127
117939
511346
118234
511455
249451
249730
118777
250067
119021
119799
136971
120044
513440
251405
63812
251882
173089
238654
252283
121365
252492
543480
121857
209195
122303
515572
156835
142225
515916
515928
122724
122937
516364
420028
123214
516931
517632
124841
124935
217465
195748
126230
1390
414279
283263
389048
389228
258160
520553
327063
258520
296675
14835
521281
143933
501995
523890
480241
392871
101243
405842
39225
414802
458519
414881
174615
305693
130239
458637
261521
523749
392829
261800
240243
261902
524118
524144
130955
240285
