9
524406
22696
524314
524467
131279
131312
393486
131374
524625
475744
268855
393592
393608
131509
524730
446
131547
131565
524790
393719
407434
524975
714
393954
394036
131927
263039
941
525232
394172
262307
132057
394210
132099
394276
263212
48047
525424
132306
393428
263418
415275
263450
263462
1366
414675
1386
394627
132494
132500
132516
262752
525782
1497
1505
1526
263677
132654
263727
263735
157176
131342
8731
394879
132750
394900
132768
132883
395030
526105
22149
223474
309
1864
1915
526204
132991
132993
321
395144
526225
1941
1942
395170
131400
395187
395192
395193
395203
395204
401602
395211
1997
526290
526291
526292
526301
264158
393553
2024
264169
526325
133115
395263
395268
264197
2055
2056
526350
133137
2066
2068
264214
133145
526362
133152
284336
2089
2093
133166
395311
264241
395314
264250
264256
395337
133194
395340
133200
395346
2135
133208
2148
526441
524648
133234
264309
524649
264316
392879
133247
526467
395396
395397
526473
133261
395409
415427
133273
526491
395424
395426
133295
526522
264395
262529
262538
526681
264618
264620
481012
2531
264821
133766
284448
2776
527073
350009
43742
265070
224164
491
2964
527267
265150
3008
265187
396260
396326
134238
134262
265351
527533
134320
350067
265412
287289
3286
396548
527660
213976
396670
396685
265622
265629
527785
3579
265781
612
3737
3789
265934
546765
3812
397064
134955
266165
13228
528341
397315
528408
397362
135242
266366
266386
4244
528541
528550
397527
528642
213214
528657
111760
4421
528756
397687
88136
135626
528851
4567
528890
397826
135730
397877
4694
529019
266880
278486
4761
397997
529087
135875
266990
568788
4880
4904
821
292587
136092
267189
136154
5111
262997
267274
529427
267284
136245
5219
136312
529562
529572
136373
529661
350421
529676
267540
398623
136559
529795
5508
267661
284911
398752
481524
350468
5703
267852
398925
153871
530038
136849
530081
5809
5832
399054
267985
399095
399138
2658
284979
437900
399203
530289
268317
416095
44734
137420
6355
268516
569046
6422
6424
6426
6428
530717
530719
268577
268583
137514
137516
6447
268592
399668
399672
399675
6465
399686
137547
268622
6481
530772
6488
6489
6491
137564
530781
530782
530783
268640
530786
268644
268646
268647
268659
137589
137591
6520
6522
530811
399746
530823
399752
530834
268694
530855
399784
268718
530863
530869
268728
6586
268731
530876
268735
268737
137666
268741
6599
530888
6602
6603
530894
530896
137681
530899
530901
399837
137694
285093
530912
268774
137704
268777
137706
268781
137711
137715
6647
268793
268798
530945
137730
137734
399880
399881
530958
137745
530962
530964
547246
530966
268826
399899
530972
6692
445404
137778
6710
6721
137794
399939
399946
268876
6733
137806
268881
399956
268892
268897
399970
268899
6764
399984
268918
137847
6777
400000
481728
531076
268937
137877
531096
137886
6819
400039
400045
531125
6846
400064
137925
137926
154060
531146
400075
269004
6873
400093
137953
531171
531172
400104
137963
137964
154066
137970
6901
269051
400124
137984
6914
400134
137999
145820
400149
138007
531224
6943
269088
400162
138027
400175
138032
269109
531256
269126
400199
6990
219619
6996
531289
138081
531309
269168
138103
400251
269183
7040
400257
7048
269199
138133
138134
400286
23024
138148
531366
531368
531369
400298
400299
400303
269232
531377
531378
269235
400309
7095
269245
7103
269249
531395
416246
138192
138195
7124
138200
400353
531431
138217
400371
531444
400378
400380
138239
531459
7174
400395
269325
269327
400406
531481
269343
531488
400417
531490
7205
269355
138284
400430
138290
7224
269372
416266
138303
7232
400449
531523
269380
269381
138315
138317
7247
269392
7251
531550
531552
400487
7277
138351
531575
400504
138370
269458
531614
138413
400560
285214
132297
531644
269502
269503
400576
7361
138434
138436
7367
531719
138529
531759
7504
138591
285249
1261
269723
7584
400809
400870
531956
138836
532106
110530
532128
270017
263458
532224
8062
139173
270250
139216
8160
532565
154301
401528
139429
401594
532704
1403
8429
270651
270661
401735
139604
132497
532842
270703
139639
532866
8592
8602
401821
139711
139758
533004
8761
401981
533054
8776
8785
8786
8791
416528
402020
8813
23315
533128
8856
533220
226267
402167
81239
402183
271118
402219
402221
402224
140108
402264
45204
402305
402331
9127
140244
9195
533484
402420
4673
140360
271473
533619
402575
402603
547503
9425
271574
132646
533808
533826
462957
271736
271747
533898
402829
140700
140708
271803
525904
533989
271875
402948
9735
534024
534049
9768
285618
271924
99443
351159
403028
534168
140954
272072
141015
272203
534366
403306
141166
264183
141229
10176
534517
1706
272405
157190
141366
272444
351242
403556
534722
10466
10478
141557
141604
394972
403754
534900
141741
534958
131879
535046
569774
161846
10784
404064
526098
273053
404148
135664
273081
273103
438734
273142
404242
273175
563391
404271
535355
404292
273250
482451
11146
273294
535445
404395
11196
142269
142295
404450
482470
273383
11244
142320
142322
404475
273427
404507
154801
142393
404545
23735
142420
74576
273537
11403
404621
273560
273561
11420
273576
535732
535768
142589
142601
484847
404823
142689
273771
535917
524130
142746
482545
11720
142824
536055
536059
11774
273929
475808
405058
405141
220449
405194
536278
536392
12154
143256
405418
536494
569214
154955
405451
143331
155379
415039
143416
274496
274509
536730
264235
143623
405800
274736
536960
209921
351656
406034
143900
12838
475815
275038
537213
24002
176925
144049
537286
406230
537337
155108
537444
537461
144280
144322
485265
13284
144358
406530
406628
144560
406710
406739
133329
13568
351796
275793
13678
4820
144760
308121
13722
144812
144817
407037
538149
276006
407091
70295
13916
407135
538209
276069
538235
538270
145062
407221
145087
276162
276164
407238
538349
276218
407301
538380
276248
538407
407348
538424
145262
14203
407422
14219
538518
145337
538566
538574
133453
538604
538619
407566
276516
538691
145479
407625
14412
538701
407634
407651
570385
407667
220864
405121
14475
145553
538779
14493
407779
276735
276794
276796
276811
145741
419483
276870
407958
407959
14748
526747
14764
14766
14791
276937
276972
145911
14855
14883
145999
408146
89870
408151
408177
277122
277129
277156
539309
408249
408252
146111
539335
539340
15073
408292
408294
539371
539372
146169
277267
286511
277284
15151
524248
408445
15239
15269
277435
539596
15311
277463
15354
146439
89947
277550
539710
306490
408672
539751
15468
277616
408722
146584
526877
2591
146620
277700
539851
15617
2608
277798
277807
277821
15678
277885
541725
146857
155549
540103
540122
277990
15859
409092
409097
15897
278078
278096
540259
147073
147103
16037
278211
409323
16125
278272
147211
409367
278315
540460
540465
540496
278357
147306
147314
16246
147333
409488
540567
16283
329191
540586
148938
16322
16342
409568
278548
540716
278573
147506
409652
147553
540795
16525
278698
278714
278737
409833
409834
147716
278796
24552
540970
147778
16720
147798
528664
147856
278931
278952
541109
541157
16870
410091
410109
410152
279089
24671
24672
148044
410190
279122
541293
80311
17065
17076
279247
148208
17153
279308
279320
410409
262991
541505
148343
541580
279450
410531
483484
148415
346161
541677
17399
279909
279563
17429
148502
279578
410663
148525
410687
541771
310463
541782
410711
17545
541838
17559
410779
17600
527224
541950
279816
541964
410904
148773
541999
17761
542060
148858
279939
17856
17870
542174
17896
148969
542186
280068
17936
17946
411178
527283
280176
18041
542338
18078
542402
149204
411385
542458
18183
411430
149320
280442
542591
18317
542630
18347
149429
280508
542685
280556
18460
18466
3080
149555
149602
411748
18564
18584
280731
149668
149682
542928
483714
411931
18723
411962
280926
412002
149895
543119
483736
543200
281060
284324
18938
150017
18952
412172
412187
19015
150114
281194
265324
150184
543468
543494
527492
150300
543520
543534
150324
150370
412518
543618
412555
150442
19387
412615
135628
281564
281578
543729
281599
150594
543814
412755
543838
543869
543877
150669
281764
543922
543957
544046
150942
150999
151053
151077
544349
413290
20137
134430
151318
282565
544731
90801
151609
20563
170902
484835
344932
282812
484044
151764
282900
414082
25325
152041
287488
545370
221973
152277
283448
414577
21384
414648
353098
414686
545793
414738
283697
571573
21599
283790
480818
414870
152860
21795
283957
531617
152965
153016
21945
91040
484257
284147
415222
153105
331353
22056
22097
415354
546454
265840
309531
153259
22193
22226
415446
22256
22268
22270
22275
415493
415499
153380
200327
415561
432832
22374
284529
415602
153466
284582
415669
91130
284652
284667
153604
222209
153609
244057
396976
22564
331444
22593
284758
22636
222227
546944
478499
153733
284817
415901
156628
154654
22708
547036
153824
415976
22777
547066
156716
153879
22838
284993
547147
22863
416102
22924
547229
22951
22953
22954
22958
331507
285130
285131
416215
416258
285217
547378
23093
154171
285253
285257
285263
547411
23141
348467
23158
154244
23176
547470
287854
154279
547514
154305
547524
547528
285395
285397
23258
154345
23298
154379
547614
547618
285484
285488
547636
88068
416575
416585
416589
416598
23451
484506
547767
547769
547797
23538
507068
154621
23551
154637
154659
547879
285740
285743
154693
154704
23641
416878
285821
548029
285891
23759
416981
285914
285927
285958
417036
285978
154916
417089
417090
417105
353507
53170
286051
417160
548251
417203
548278
417220
286174
155105
155107
287998
548362
417295
24081
548375
24125
548416
91411
24231
286382
548564
548608
548644
24371
286550
24411
24436
155519
548742
286639
24507
24520
550746
417766
286700
548889
417834
155696
24657
24689
549003
286914
286936
24794
549098
155892
155904
24842
549133
549166
549168
549184
418115
418141
287098
156073
25009
156090
287167
549330
550308
353701
549347
271435
288171
418315
549407
549426
418385
25192
287369
156301
18299
135288
26068
287507
287509
549691
25425
266383
549725
462993
25470
91639
549841
287716
179025
287723
418812
418824
287804
25673
156802
25746
418984
287962
419052
156910
156914
287988
550133
397203
419085
288023
419159
550239
419232
26029
157105
26041
26052
419271
550355
288215
157158
157186
26131
157242
550481
528654
288358
26221
550545
26260
157345
26294
550617
550649
288556
419631
419644
419468
419666
550745
288610
288650
157586
83102
157639
26583
288753
26655
157796
157811
288905
551073
26801
288948
26833
551169
26913
289075
551244
158055
289147
420225
446231
289255
158201
27151
437356
91911
289329
420412
354059
551507
158293
551524
289514
149306
463320
419907
158514
551733
27451
550844
483851
462819
289662
420747
289677
551877
135676
158700
289778
552004
27742
420971
27776
27792
27810
158897
419700
27888
27901
552199
290098
485397
183805
37727
260317
485481
408730
245243
136289
485576
114240
221045
346930
179968
27109
92646
575772
485931
420400
211457
354932
401402
481185
442364
145129
213555
311383
355086
92957
395293
224079
427494
263845
407050
551082
319765
297091
573815
35094
538007
136953
559585
180123
203621
333583
297699
486543
1111
167057
167295
355603
71631
175805
355661
542431
476965
355697
486789
93587
168472
312126
486899
420253
168963
431112
300103
9993
38033
122780
38046
38226
169334
71936
169600
562826
431808
38730
487061
563164
407196
356011
170008
170045
225458
39171
563494
508990
432522
334251
301591
563743
432673
563746
301764
168522
170780
94000
399835
432956
487225
171075
171099
433301
302249
433405
181468
171330
72258
241392
564680
40418
561543
302712
225228
94544
171808
491845
40893
171966
50518
565264
212963
40988
565313
303311
94260
565594
41456
574901
84314
94334
435046
138067
350560
566319
566385
225477
566489
304391
72583
159972
435548
304523
304587
42513
566844
28942
42634
567008
304887
168754
173843
94518
436182
567301
43029
305219
436295
313019
174228
43190
436440
43256
174399
305501
567706
436662
174526
305600
184763
567754
436744
174623
174632
436859
509718
174735
174773
174901
568143
568177
306160
175129
437336
175217
306305
499026
568549
44267
306420
175383
568640
182164
306557
335093
437710
568840
437783
568886
15109
44606
437849
437938
175798
44781
438004
44816
306975
175946
307025
438102
569177
537765
44913
45058
45063
275263
307240
569389
569401
176195
45153
569442
307299
45183
438448
438462
569567
307426
307483
176432
45361
176551
176558
488191
307751
439084
298315
439118
45946
177050
204272
570280
177088
308208
84034
570412
219762
46142
570436
177289
177314
177325
439506
439519
570620
308522
177538
308687
439784
308760
439875
46676
570968
531033
267794
309087
440160
309163
571334
532132
178198
47288
47295
571653
571779
571867
178674
440853
571973
178763
564611
160866
440919
532239
47735
219817
310021
47952
340145
179201
310289
179242
310348
554169
572565
577725
310450
572602
48340
441605
48451
441714
310672
179618
441772
48616
441900
10799
573018
181453
48908
442185
442232
356330
442400
442443
311388
180351
311478
33500
351235
311771
224243
510721
311999
483045
414959
416705
312139
181098
443254
443296
579065
312247
8356
554502
443465
312403
357921
574667
145841
248709
574755
181551
50480
445785
181584
574818
8431
443875
181734
443880
443944
181909
50846
554619
575206
352117
50927
444168
50954
37001
444214
313209
575361
138258
313244
182189
444397
444409
444448
224677
444664
511024
444744
575842
313932
445099
445111
445143
445187
52012
314190
445308
314298
180682
445408
145767
183292
183372
314447
52324
183427
576675
445607
52437
445670
401980
183692
336452
476080
576950
577087
394565
183888
336484
577225
560422
577278
184106
315202
205460
446471
446506
53351
53361
577762
271057
184610
407683
184669
446834
446884
53722
53756
184835
73174
551267
429536
298623
579576
283766
317891
318234
580741
526735
581073
57249
450478
57313
57500
581821
268681
58184
58407
451781
58979
452459
287578
412238
75516
228435
578009
15107
84949
415755
61147
490791
10245
167853
206890
547633
62261
62348
362668
28287
412371
534859
15262
37035
220347
560784
220355
507763
421145
355685
58911
338558
486644
458785
196888
328275
360548
197257
197264
539041
194247
66566
328727
197686
66652
66754
328935
197934
364487
44782
255500
98672
329919
67779
461018
329535
473631
330164
461340
461428
68254
68430
199554
404673
68788
482393
299085
69163
408204
55237
331541
543513
502379
295571
462709
200615
331747
155076
462908
294744
153723
463176
332109
356061
70000
463327
201192
163823
317527
295686
419324
463546
404943
70387
33581
332578
33596
70600
395893
201724
70660
463944
463969
464150
292719
202086
55527
426906
557987
333407
71265
403910
342807
237031
399556
333842
333876
539056
412657
71855
203054
203086
334197
161015
569795
558189
151493
203481
203497
334596
203538
203541
72505
334714
72595
203691
547985
72715
72845
334995
72901
203982
335140
478835
466373
335304
526896
517451
168291
466573
73420
548010
466750
204777
335855
73721
335913
467071
73864
220688
205025
286159
74051
347263
74081
205279
205283
205374
277439
486936
74357
576608
74409
74429
168331
467686
205563
74601
81057
206058
468205
206082
340184
337207
56206
75110
337265
468373
468417
561168
337812
536900
337819
463110
337877
478257
207077
207090
85459
85462
469648
299333
274894
207620
207625
578369
485247
207862
338960
470174
77005
208121
339290
470385
526312
208267
339352
318736
427975
339684
208815
339987
77903
209027
209040
102987
209292
78305
316856
456041
559221
484200
144173
340877
340976
465269
210065
341232
472314
129205
341257
187949
210201
472436
79236
341399
341429
341430
210368
79313
79367
351807
341621
472707
341714
472831
56961
472861
210751
79722
341891
79822
473156
342098
561323
268901
561324
80077
225257
80084
211160
211164
473320
342259
80123
211217
473373
341040
342325
342340
342363
473500
473516
80305
35230
7090
80360
537685
473604
473612
80397
473678
80526
543882
473762
211622
473771
342707
342724
80590
342742
80599
473866
211725
80691
211771
342851
297441
342862
262407
206584
211843
164178
80826
80853
211955
80892
75608
80948
343104
343140
474224
343154
81012
343169
559639
343185
212118
406725
343201
81074
207833
299489
474369
275672
81177
81200
81201
537825
212303
474472
472296
343418
343422
81283
81323
212420
35407
343526
13576
343634
35427
212575
343650
133650
212610
212649
212672
212679
81620
343765
343792
343799
574471
395527
527863
343880
474963
343908
212838
81826
81841
81845
81906
81944
81971
212227
344138
82003
475258
450584
475306
475316
321344
82118
82122
213203
213241
213260
344338
475421
574492
475523
475527
82359
475578
79269
475645
475664
475668
213530
2602
188511
82494
516205
213677
82631
213740
213753
277718
565777
213790
82729
188556
213854
82802
82833
82858
82860
476093
345024
82894
83000
476220
83014
345188
308686
214133
345225
35696
83149
214256
144937
345390
538164
225363
72605
400422
83368
214481
214577
83508
345655
94436
345797
276089
83690
345861
476934
345867
477005
214924
210584
83862
214946
83878
214955
83914
477136
560123
215070
215081
477226
346178
477263
477336
346270
215226
215227
215249
477408
346341
560172
166959
215330
84259
84273
477497
434894
84313
477555
346492
84391
346540
84415
477647
477672
477682
346614
215555
319917
346754
439271
215746
84689
343860
273421
477943
346876
84757
84758
450107
215878
84815
169907
346990
347016
215994
347131
111943
216072
347189
85046
560311
347300
478375
85176
347327
347328
478410
138137
347354
85254
347405
85281
478576
57926
347610
478726
216601
347727
216685
478833
478845
216715
216733
478892
478902
478958
526599
85798
479035
479066
189071
479068
348006
348010
479102
348056
429384
479214
86017
217113
95029
86065
138207
217186
479358
217238
210973
217268
86221
429433
145444
348381
68340
86285
189148
145460
348480
407606
348499
479590
217460
479608
407617
479629
217487
348580
86476
479707
348637
479749
348702
277848
86596
86611
217700
276582
217707
86654
86668
86676
479914
348857
86750
217859
348948
348989
86861
86907
94549
349201
218142
87096
87101
364044
349263
87125
87137
218223
207454
349337
349338
87229
142570
480532
538846
544109
480572
480576
218455
480629
480634
480644
349695
349709
87569
349719
36447
480863
87653
218759
480908
218775
480940
349870
87743
218832
87762
218868
349943
218931
87871
350044
481120
481162
276806
80200
473503
219121
538965
350242
219179
117555
481355
88140
481391
88176
350328
481402
247351
88272
219348
88282
481530
350506
219457
219493
24674
481648
46591
481702
350640
219590
88538
88540
481759
219624
350706
88603
481828
483048
36622
219752
350825
219784
481954
112069
350953
350960
350984
219946
482122
90251
88925
88950
220037
482196
23906
482234
220096
220109
351210
53405
334671
482346
482381
220239
351397
220372
482525
439428
295399
351549
220486
80441
482665
220529
351608
220548
482696
316585
351654
58609
89520
89521
482756
482766
482775
351734
342618
351783
220743
561082
220793
220795
270323
351890
220850
452535
541491
351972
483046
483083
342662
89908
277134
89943
221042
483187
539832
221053
483213
483247
298998
352252
221216
435091
221289
320875
474373
352398
352412
483517
189813
221378
90328
58753
90444
483699
90488
352651
483760
483788
483794
483795
352739
221696
221717
221743
90679
352835
352841
80654
221803
352908
483996
90830
221903
352985
90869
484090
90882
222015
484174
90961
90962
222037
426388
91009
484227
525218
90322
484281
222140
484336
484344
539476
277334
155795
269273
222345
353427
91285
91310
222395
222397
484579
222444
484619
222572
484739
91530
91541
484790
222702
343484
353790
495875
91725
91743
353893
484985
353919
353938
91804
408518
353974
485059
222917
485099
222964
91926
485161
91952
223035
343012
91998
90358
485350
223216
354290
485364
485374
354306
92188
37210
485426
223293
92230
354382
223317
354392
485465
80915
92288
485506
223366
485526
485529
92315
92319
92323
223404
92346
92380
485605
223462
168316
92411
223500
92559
92575
46728
223660
223664
354746
354794
92661
92696
485933
168371
485958
223838
223875
500646
92840
355050
486168
486170
224045
224052
224056
397467
355133
93018
561756
93030
355182
224112
224134
486309
224168
486318
93106
93133
355291
400274
93183
486415
343215
224306
355385
539941
277688
93267
355425
355426
37394
355440
321717
224388
224396
355487
93363
553039
486626
355559
224505
195151
355621
355647
486732
355736
93612
224692
343284
224699
355779
93641
93649
355828
224776
93712
355863
224805
93743
93748
224838
430691
474383
93809
487033
487038
355991
93875
224958
224961
478859
561785
487118
93904
389065
487137
356068
37502
93992
487228
160254
487276
487284
356213
94084
37527
94096
356253
356256
356290
94163
94223
265010
212321
487496
356435
487528
356476
487559
94388
34487
356569
321583
225566
356654
474504
487775
487796
94589
94600
278115
560158
387153
94702
369774
299781
356912
356941
94807
225891
356974
94841
488066
225923
357023
94885
343498
94957
357117
226046
94984
574915
298483
409050
357173
226102
409063
488303
168774
488363
357294
488373
81398
95185
59556
488422
487632
95213
95241
226348
226374
562037
270362
488809
278086
15944
357812
357852
212685
182201
174358
20651
358158
96082
96091
59708
227198
513850
465844
96257
291269
96526
96628
59798
413489
540097
359200
256533
490654
228669
490908
359853
97795
360013
229131
491474
229440
98503
491737
229630
60136
491981
492065
361255
361373
99321
213172
25103
99424
173527
99580
230735
362117
295753
125908
493504
213342
100471
82304
100626
362796
494090
231992
100959
494194
60526
101014
494297
494329
431915
363302
494486
101362
232689
494837
101761
101781
101814
101894
495149
495162
233064
527139
578169
102090
541319
148122
233428
86226
102469
457324
102632
160542
495915
102718
102734
102757
352585
102841
541429
365003
496097
233955
365123
103318
496617
234475
103435
535399
454181
234768
322064
164208
366068
103969
104053
104126
497600
279543
366643
366713
397787
104718
366925
366948
498022
170180
367058
170440
293121
301514
498418
367065
432604
105358
367100
367630
498768
104977
236744
367835
353839
367873
237081
499305
335236
106148
499408
367233
237367
172669
499662
126992
475567
542069
426911
106748
500099
500136
237996
369213
520321
500531
107394
500679
238630
107691
369973
496782
280177
280189
341716
121453
214704
296581
5906
280297
302147
322239
240074
240080
371222
109164
371513
371530
371536
109417
240545
109561
109599
371745
240691
18276
240741
109708
110013
110034
62038
302353
241271
433441
110314
241421
110353
110371
503605
503623
372555
346084
503734
241675
372774
241785
40304
504069
110937
278661
242167
111131
280674
373332
373346
433605
242350
106646
139012
373637
504748
348516
111727
346302
242847
505038
111933
361618
243021
243205
374463
266209
390125
374672
130318
40643
571146
244011
171742
113032
375192
506327
40708
113199
244328
113315
506589
506592
84448
375645
375654
375659
244675
506910
104177
376132
114035
114219
507438
237505
245566
245590
377008
390518
115014
115359
508663
508749
378077
378087
378189
116126
378451
116353
116402
247487
509652
247545
82666
509820
116625
247849
248017
73730
370963
543830
248459
187582
379630
379672
510781
117722
248830
412853
379980
248337
118027
380248
118140
118234
41561
478475
511651
249538
249616
388034
512123
347505
119002
381199
381217
250204
250225
250239
187279
250400
512658
260206
512786
172874
512968
119760
513006
325806
119834
381985
250929
250978
119916
120044
513406
251315
251405
420287
513683
513766
347787
325944
369653
514183
457087
252193
383267
514457
566346
252381
252411
252451
369777
121530
42103
369789
92464
69523
173228
121952
122099
384261
20362
85904
515470
253388
253464
122415
253513
384641
384675
205947
515754
515803
384745
122786
253883
253904
253962
254007
516175
516273
385276
554031
385326
123193
385339
385441
385485
254431
123389
516636
566704
385658
331453
516774
107977
516793
123582
254660
385744
260899
354070
255016
124067
572575
124182
124235
255317
517492
124347
124360
124364
386603
517685
517755
304757
386768
517882
386979
387045
387068
387212
518451
304864
256322
25994
256384
387518
108301
457860
257073
126059
126127
130271
314093
303453
257669
571603
126707
388905
126814
257928
126906
127007
258304
392584
389463
258414
305231
389775
287953
127921
390073
521218
270500
178847
501967
390374
259354
128312
259391
501995
128831
480241
391102
392871
436564
391175
522249
314179
391235
523959
260181
522360
391332
129216
260321
129254
260360
260393
65247
391525
129485
391678
1431
129689
522922
260791
522996
458541
129813
462599
305635
260957
523109
523224
523309
130239
130949
523682
152819
523742
523749
130534
196524
196525
392726
261664
231632
523914
523919
261800
523997
283961
524131
524144
502422
393108
262103
