9
524352
288061
89
262239
131172
524389
110
305853
113
262261
524406
127
138
131215
524314
393375
524467
524486
131277
131279
393251
262359
524518
131312
393486
131352
131374
308
332
524625
524645
262519
393592
393608
524695
262552
393629
524710
131498
131509
524730
446
450
131547
26190
131565
524790
393719
546218
562
393795
584
407434
605
262770
393854
643
393867
524975
393924
714
525012
735
393954
131816
131832
790
568112
262954
262962
394036
131909
853
131927
263008
131961
525179
532501
263039
263041
263047
909
132000
132002
941
525232
394172
394186
262307
132057
394210
394211
132077
135475
132099
394244
1036
394269
394276
263212
394330
132196
525424
263281
394412
528147
174964
263358
132306
263407
1264
393428
263418
415275
263434
263446
263450
263462
394572
502670
1366
394595
525668
1386
394627
132494
132500
132516
132520
132529
262752
394697
525782
1497
1505
1507
1526
263677
1536
1558
263703
394794
132654
263727
525876
263734
263735
132668
132669
263744
157176
525898
263764
131342
132698
8731
394879
394880
132750
1681
394900
132768
1697
132793
263878
393508
1756
263924
526070
526087
1810
132883
395030
526105
1822
22149
309
264005
1864
264016
526165
264033
1906
1947
264092
526247
395192
133063
401602
1994
133071
395225
264158
526350
395292
2083
2093
395311
395321
153270
133194
526432
526433
133229
524649
264316
264320
133281
395426
2217
264362
264363
264365
133295
264371
395445
526522
264395
526552
2270
2283
395504
262529
2347
262538
2389
526681
526696
133486
2429
133517
2448
264618
264620
2531
133634
395791
2585
264733
306267
395822
35004
395863
395888
264821
133766
2703
395926
395933
395964
395965
395966
2752
395974
133835
527056
2776
395998
527073
396021
527112
264969
2843
396082
396097
2886
396106
265052
265070
491
2964
32301
527267
2989
265145
265150
3008
265179
265187
396260
527338
265196
527345
396284
134144
396326
265274
131595
265292
134227
396372
134238
134262
265351
265355
3236
527533
134320
3259
265412
3286
265432
3293
265447
396548
3353
527643
396572
396574
546695
527660
396596
153481
3386
265532
3389
393781
396611
3398
527689
134474
396622
396623
396626
134486
396638
527717
134502
134510
3442
396661
396663
134520
396670
3457
527748
396677
527751
3464
134538
396685
3474
265619
134548
265622
3481
265629
396703
3493
527785
265645
396725
3517
3518
265663
396741
527816
134605
527822
3535
546723
527830
527834
134620
396765
134624
396770
265701
396775
265709
134640
265713
527858
134644
527865
3579
527879
265737
134673
396825
527908
396838
265781
134712
265810
612
134755
3685
134772
134782
396927
3737
131697
134849
3789
265934
528080
3812
524924
265964
3827
397044
397064
266001
528151
3870
3877
134955
397104
415710
3899
3911
134986
3915
3917
397138
135015
153577
3992
528299
266165
4065
528355
528358
135149
266240
266242
397315
528408
397362
528449
135242
528466
175459
266366
419135
266386
528541
135327
528550
528563
284703
528587
397527
135392
266496
528642
528657
528667
288204
528687
397619
4410
4415
4421
266587
65616
4463
528756
397687
266622
528788
135576
135577
528800
397735
153671
266676
135626
4555
413784
528851
397782
4567
397792
4578
4587
528880
397813
22612
528890
397819
528892
397826
4616
528915
4642
397860
528938
528940
528944
135730
397877
528971
284770
4694
4714
266859
4719
397942
529019
266880
266885
397959
135822
4761
397997
135866
4796
529087
135875
529095
398036
4830
4834
135907
529126
266990
529140
4880
398098
398105
529188
4904
398124
267055
267067
821
497733
292587
398157
4963
529260
529273
398202
267152
529300
5018
136092
5028
267176
267189
5046
398270
398271
529345
136142
267216
136154
529376
5111
5113
5115
262997
267266
529411
136200
267274
529427
267284
22704
136230
136245
529490
398419
267348
267350
5219
415933
136310
136312
136331
267417
529562
398494
529572
136360
267435
136373
136384
5335
529630
529632
5345
267504
267516
529661
529676
267540
398623
5472
398697
5483
136559
398704
5505
529795
5508
267661
5522
284911
398752
529827
529829
398772
529864
398799
529879
529886
5619
136699
136701
5667
529963
398895
5703
267852
398925
530001
530002
530019
398957
530038
530047
136832
284950
5769
136849
530081
547100
5809
5832
267978
399054
267985
153892
268014
136949
399095
399097
175743
399138
399154
284979
268095
137029
399191
268130
399203
399208
530287
530289
399220
268151
268159
137096
137100
6031
399275
268213
6075
530364
530386
137181
399337
153938
6151
288263
241324
530447
6160
268317
399392
6247
268393
399472
268406
137339
268430
137378
530599
399547
137420
6355
6358
399585
268516
268533
530684
399615
394283
268548
6406
530713
6432
399650
268579
530729
268590
6451
399668
6464
6465
153998
137571
6512
6518
399746
399747
530832
268715
6572
6578
530869
268733
137666
137681
530903
530904
399841
137703
137704
6640
399862
137733
530966
399899
268835
137777
137779
44810
154037
6725
531016
6747
268900
6792
268940
6800
137892
400039
268986
531137
400080
1145
400091
531171
301381
137963
531190
137999
145820
6945
400162
138025
269116
138092
269174
138117
138166
531392
138189
531406
531431
531444
400377
138248
400417
269364
138303
531523
138310
7239
531541
531552
166865
269434
138367
138385
269458
138387
400560
400571
400576
7361
138435
138436
400592
400625
416297
269561
7420
138494
1237
138501
531719
531725
138514
158044
138521
138529
531751
7476
7504
400726
138591
7539
531831
269693
1261
531860
269723
416325
138659
400809
400818
7603
138699
400850
400869
400870
400872
531948
531956
531958
7677
269827
138780
138785
7746
400966
7753
269903
11707
138836
532062
401007
532083
7796
269946
532106
269973
532137
270004
270024
263458
138961
401109
1319
7921
7944
7946
270106
401182
532263
139067
532286
394550
270186
8043
270195
270202
139173
270250
532397
270290
263503
1360
401390
401392
401400
139258
139270
139275
532495
532505
8223
270369
401528
139429
419273
532704
8429
270651
270661
401735
132497
532842
270703
139639
532866
8602
139711
139758
152815
533004
8761
533054
8785
8791
416528
533128
8856
292258
533220
402167
271118
402221
402224
140108
402264
402305
402331
9127
140244
533484
402420
140360
503996
271473
402575
9425
533808
416648
134490
271736
402829
140700
140708
271803
271875
402948
9735
534049
271924
403028
284021
285634
534168
140954
141015
272203
534366
403306
36729
264183
141229
10176
534517
272405
272444
403556
10466
141557
141604
394972
403754
534958
131879
10784
404064
526098
404148
135664
273081
273142
404242
273175
535355
45537
273250
11146
535445
404395
404450
273383
11244
142320
142322
273427
395097
404507
142393
404545
142420
273537
11401
11402
404621
404626
273559
273560
273561
11420
11422
11426
273576
142510
535732
535733
273592
535737
166233
273600
273602
142534
273607
535753
11474
535766
535768
404698
142563
11495
11496
273641
535788
154835
11508
273653
142587
535804
11519
404739
404740
142601
404759
395140
142622
11554
142629
535852
273710
404783
11569
142646
11576
142649
535880
142666
142672
142674
11605
142686
142689
11618
273771
11631
395155
404852
404854
404869
142726
11658
142741
11673
142746
11682
142757
389
11690
535981
11697
11702
154869
11720
273874
536023
273885
142822
142824
536041
404972
536045
273904
404982
536055
536059
11774
273929
273932
11791
142866
11801
11802
11805
11812
11818
536109
405041
273979
405053
11838
405058
284088
536138
11856
133048
405078
405079
154895
274012
274019
536164
11877
274022
142953
536175
274034
405108
142969
274054
536199
142985
405131
536204
405136
405137
142996
405141
11926
405145
274074
11931
274079
11948
536248
274105
405179
536252
405181
11968
536265
405194
143051
405197
143054
274130
536278
405209
274139
405215
526288
536290
143085
12015
274160
143089
143091
12021
536318
196804
143110
274184
274196
12057
154928
143139
12070
405287
405288
536363
536365
133086
12093
274239
143170
405316
536392
274250
12109
405327
143188
274277
536423
12138
274286
12145
395241
12154
12155
143231
274314
143245
274319
12178
286019
12181
12182
12183
143256
274337
274341
405418
536494
358297
12213
405441
536514
154955
12228
536519
274376
405451
12240
12241
405459
536534
536540
274402
143331
143339
274413
143342
274422
274424
12284
536576
405505
536579
143367
12302
536592
143382
405527
143386
536603
536607
274467
405544
143401
274474
536626
143416
274490
274496
550341
143436
274509
143439
274514
274516
536663
143449
143453
536730
143623
405800
274736
536960
307954
406034
143900
12838
275038
537213
24002
428736
286149
144049
570143
537286
406230
537337
155108
537444
537461
144280
144322
13284
144358
305959
406530
406628
24091
144560
406710
406739
133329
13568
275793
13678
144760
13722
363217
144812
144817
407037
538149
407091
13916
407135
538209
276069
538235
538270
407221
145087
276162
407238
276218
407301
2349
429560
145262
14203
14219
538518
145337
538566
538574
276516
538691
14412
538701
407634
407651
407667
405121
145553
538779
407779
276735
155351
276794
419483
407958
407959
14764
14791
395684
276972
145911
308310
14855
439384
14883
145999
408177
277122
277156
408252
539335
15073
408292
539372
177277
398142
146169
277267
286511
277284
15151
15239
15269
277435
539596
539710
177339
277616
146584
2591
146620
277700
539851
15617
2608
277821
15678
323498
155549
540103
540122
277990
15859
409092
409097
268333
278078
147073
376747
147103
16037
177440
278211
16125
409367
2697
540496
16246
540567
16283
329191
540586
16322
147506
147553
540795
16525
278714
278737
409834
278796
540970
147778
147856
541109
295428
541157
16870
410109
417885
279089
24672
148044
410190
279122
541293
155754
162055
17065
17076
148208
17153
279320
410409
262991
541505
427835
148343
279450
148415
541677
17429
148502
279578
419575
165350
541771
410779
541964
148773
553441
542060
148858
279939
174698
542174
148969
542186
411178
527283
280176
18041
18078
149204
149320
280442
542591
542630
280508
542685
26800
18460
18466
3080
18564
158582
280731
149668
18723
411962
280926
543200
281060
418215
18938
150017
18952
412187
281194
265324
543494
150300
543520
543534
150324
412518
134294
412555
150442
281578
150594
543814
412755
543838
543869
543877
281764
543922
19695
281846
5021
544018
66127
281961
19818
413070
19941
413164
413198
287324
546232
282186
20046
20145
20146
266908
151307
20253
568062
527666
413541
544615
25237
282523
20384
544717
413665
413716
151583
20513
282661
20528
544831
374800
282733
396660
545016
282946
151892
134543
151900
414045
545126
20839
545135
545160
151954
151959
151975
414130
20929
545226
545260
545263
152079
414244
134586
414314
549650
152209
21138
545428
21181
21223
527832
21281
283431
152405
527844
157834
283615
545791
414747
152664
265745
545944
152742
152788
546013
21801
546124
21868
21968
22014
22086
375054
284256
284297
265840
284348
153368
22340
546655
22447
415694
415697
284644
153585
153591
284686
153616
153620
415787
284732
153674
284756
22689
398770
546984
415943
153845
547082
153880
22827
547154
547165
22880
153985
285091
416165
416172
547265
547315
416247
416286
23108
287841
416387
67593
285358
416450
287877
285477
550030
154462
23450
154530
547752
285705
154677
416840
416843
551829
416907
154790
416973
23812
154888
286000
245209
23929
286116
417194
286137
24019
24023
24026
155126
417273
548351
24076
417293
24086
155205
417369
286302
548452
417384
24175
155292
548511
24253
548545
286425
286429
286442
135125
286469
528344
417619
24414
155496
267049
548768
24498
417729
24582
417832
286773
155709
286802
548964
548971
286876
550258
24765
155869
286953
155883
418028
418114
549199
549216
24939
418172
156042
24974
397388
549328
156120
549378
287249
549409
156202
287308
418394
549478
25195
419834
287386
418505
156367
287449
156404
156410
287494
550359
418575
287541
25414
287565
287568
549714
287575
266383
287590
287608
156556
418717
156604
156608
265531
549836
157188
549924
156710
441180
25665
144884
418894
287842
156776
549996
25729
550021
287881
287920
287934
419028
156885
397203
25907
528970
157238
550237
157026
419186
419211
157076
288164
26028
288176
550333
568256
550394
26109
419327
157205
419396
528654
26208
157295
419443
550532
26247
157341
157344
157356
26227
157397
288504
288506
419664
419678
550766
550780
419711
157604
490471
157645
288770
157714
550944
26662
157744
157748
494079
550978
26725
288872
551062
131113
288941
551164
26924
26944
420200
26987
551285
158077
551305
551344
551349
289211
27074
398073
289236
289238
289245
420349
158208
289282
27142
551434
420363
4535
27224
289381
27267
420487
27282
551574
158362
420515
551590
551598
27329
551636
551663
158456
135638
289545
5277
420634
420650
289583
551757
551795
289658
289690
289698
289703
157512
158647
197322
289739
551889
420831
27622
158726
551986
289852
158786
289862
552016
135694
158818
552112
552114
288627
27840
552136
552138
158923
158933
27873
421108
159028
27974
552272
28011
421229
159118
421364
421384
552520
552565
159356
28288
552579
552584
552585
421533
421534
28329
28373
159456
421611
290549
421623
421639
135815
552755
552791
159577
113985
159626
552876
28589
159680
159754
552974
28698
553021
159808
157707
290889
28764
28766
28782
290938
28802
422020
159887
28824
422044
422050
422067
265544
553149
28876
422105
160041
422193
160103
422255
29041
422268
422270
422289
419908
422310
422336
160201
550993
160232
160259
291333
422406
553509
422466
398093
29274
29285
29288
291438
26728
422528
26732
29323
291475
160415
160422
553640
291499
160428
291501
291506
291518
29405
551036
29438
267059
160610
160629
29586
160708
29643
553934
422910
291839
29698
160771
136289
29706
420013
291898
160848
297779
554125
160926
423083
292051
292053
160994
554217
296112
161071
423222
292181
554346
554354
292213
292242
30106
554398
423356
30148
554455
554471
30187
554507
554534
161348
292440
554598
423534
423562
423638
30431
292597
398301
161597
292687
529383
292722
292751
292767
30630
554920
136185
554982
30711
423932
292868
555022
555073
30791
30815
555122
161917
161929
161599
424108
30911
424137
555211
424161
555263
30997
551303
162109
415663
555336
555339
35123
424342
398407
293342
293362
424435
555514
293382
424470
550134
293412
424485
162343
555586
555613
31329
293480
293514
555701
136346
424637
162524
162573
555805
293704
31587
424867
162728
555951
293820
31680
162780
162813
293899
420354
424979
556067
293944
31812
162898
556162
425117
556203
425141
425148
425175
425218
163081
556326
294236
294238
163192
425359
5360
294323
294330
556482
294353
32242
425473
163351
163362
425536
32328
425556
367063
425595
294528
556752
425712
425721
32516
163591
294679
556838
294714
294734
163683
294761
163692
158211
32704
27299
163803
32738
163818
136539
32816
426038
294978
163917
32868
295017
163965
32903
136396
557205
163999
32957
295103
295116
426204
529786
295135
33009
145129
158428
557376
164172
164189
295263
27370
33172
33186
295394
33295
33323
295433
426558
164442
295524
33413
557762
164564
33505
551718
5589
295695
426773
33567
164691
33631
395293
164772
376988
33727
398842
426988
295932
427016
427036
164918
164921
296002
296009
33866
296040
558276
27319
267815
165100
34039
427301
558378
558401
427335
427350
165211
34151
427384
427396
427399
289197
296410
165376
71255
165395
427545
558618
158642
165433
427583
427613
165470
284794
246041
558748
34480
263845
289746
558849
558860
34579
558871
427805
296735
165671
558890
427832
22879
558968
427909
296844
296894
559039
427972
399009
399011
428006
559079
296995
165955
297039
428117
5828
34973
166130
559366
35102
35127
559427
166225
538007
428486
35303
166467
559721
166589
297724
297770
166702
559953
559958
297829
101573
297880
166822
297898
297907
428991
297929
297954
297989
298034
429111
35907
560217
167042
560260
298193
27859
429305
36090
36110
429332
560409
298295
298299
298304
564228
560495
36267
268190
429517
167431
249348
36382
36417
298564
36423
421134
560750
36482
429705
167577
429735
429746
167603
429776
167642
429793
167661
167671
560923
298788
36726
167827
175805
298914
429990
298931
36796
561106
430142
430148
36953
268310
561289
168108
168122
299205
561369
561394
37125
168217
37157
37177
168259
530486
37198
299367
561529
168356
430598
6241
430684
430688
399465
299714
168643
561875
299732
561894
299771
159199
299836
431008
562098
546824
299974
37868
300056
37913
431154
37986
421393
562433
562474
300343
562574
169365
562602
290378
169474
169480
169502
562830
431788
169726
431873
399661
169766
563048
431977
432008
290457
38838
432064
170012
432212
421562
39064
39131
170204
563280
39203
432430
170308
28385
170336
432486
170398
432598
170483
563713
170516
39446
563763
301631
170588
563805
39527
39538
39643
563943
301890
432998
170980
433125
170990
308399
564247
564288
433236
171139
171176
433389
564361
564475
433452
171309
171315
564557
433536
171453
564708
40478
171566
302680
40551
433786
433826
14446
171698
6773
564958
433896
1355
302855
302872
565070
302928
171885
421876
303041
154123
41074
434354
172218
303408
565595
434525
41319
172422
303537
303546
572897
94300
565830
565857
565886
565940
303804
269090
510923
172784
172805
422037
172974
566236
304125
173069
566427
304315
304319
304336
42222
566607
435584
566668
173474
566700
304603
443988
173570
42529
173644
402954
435832
435882
566973
173801
567018
435963
42751
1424
173856
42865
162915
305084
436161
305093
42972
154189
567288
43007
531457
289492
436333
529544
567453
525180
436400
422261
174282
43227
305380
436453
436455
43291
567663
305564
567721
174554
436780
43601
305772
3782
305788
567935
174751
174758
174773
269431
464440
174896
305991
43854
306009
43876
568171
568177
43921
175000
306169
175101
400218
568369
437318
531645
175237
437446
437467
568549
175336
29226
175359
175362
175383
568604
175391
400603
162963
175430
44360
306511
437676
437685
306677
306703
533957
175781
44751
553595
44792
438026
175889
44840
569143
307050
44946
307124
569310
275263
438294
307240
307371
438462
307426
307483
45359
176432
176470
45419
176551
176558
264151
45599
438844
438878
176767
45701
307881
45768
439057
308025
176969
570215
16297
46023
46055
439333
439356
46142
570436
177314
46306
177394
570620
46359
510172
439613
400953
7762
570968
267794
248133
440313
571405
47235
309502
571787
47519
440766
571885
440853
309880
47805
178901
160893
379349
310203
310289
48181
536496
48288
310660
10799
310897
442060
48934
180020
180071
180079
442356
573485
180285
442461
573670
49424
423330
573973
442911
443074
50323
575049
575228
575273
30357
100975
128277
364067
554860
290168
423860
292823
481879
546791
302971
463349
186635
186671
271522
416972
490291
189461
41225
97248
119263
61147
323499
10245
564302
324705
62893
228974
124723
412371
63347
534859
394921
233439
194753
294549
434214
34827
421145
268403
196460
152320
556476
196619
458785
65586
327738
196888
65835
197236
66171
197257
197264
328571
459659
66566
120335
513708
328935
120400
329587
329640
460730
329667
329675
329726
120499
329919
67779
329535
226343
330164
461340
508561
68788
199913
251790
426591
331334
200500
331664
69576
307835
200759
331885
462987
11667
70094
70122
201261
70211
404943
463596
120966
201573
332706
332736
252069
201724
70809
530321
333067
290436
430101
202554
464766
399556
333807
71718
26108
71970
465247
203160
569795
143164
518075
73066
492810
135397
176947
383637
220688
121560
121565
252646
143420
41753
34221
312355
576608
205794
337068
383893
468538
75325
251897
189345
165555
206903
207077
558826
338528
318574
275001
122116
34795
546952
339966
297019
78359
78562
541721
78772
273743
253483
13273
316901
556954
268901
441544
494007
373664
28878
1155
89318
294973
319393
253970
325089
101084
79269
581744
363298
494403
363349
275997
476501
400422
188693
560083
345899
164290
84512
145161
210728
385492
450107
347055
203603
85647
479528
495122
218237
349337
422192
480779
349719
349914
218868
87865
364174
404750
350253
350280
481407
88192
219327
219349
88324
350481
219451
219462
481609
251723
350617
219687
481821
481954
482122
58563
58565
220399
220417
351521
351553
220487
270323
276479
89943
221216
211632
352412
575929
483795
352739
484033
222056
552962
539476
291098
222510
484666
91461
91463
189156
91735
353942
91891
222983
354327
92217
485598
223470
92420
354608
485788
223701
223741
486004
81017
12839
223992
496106
126317
486567
355578
212187
147142
408802
121602
355950
225060
356147
487256
225479
487734
489453
488135
56341
95079
95308
488558
422170
488641
488775
270362
357750
278086
357865
95793
489028
95867
489100
227035
365530
227117
227207
489622
96497
489734
96526
489785
358724
96628
227723
96690
489927
131580
359070
359098
490264
212787
97170
97209
359535
359565
97492
459794
129821
359772
228901
278224
229035
229171
360503
360589
491664
491684
98564
229666
491837
229787
360870
431531
98841
361397
497140
361460
542202
230617
99568
344276
230700
409821
361778
99676
256915
55695
492954
493148
362120
362151
295753
231091
493300
493333
231351
431775
235176
493581
100386
493618
362561
100439
100558
100586
362796
100698
265225
494056
363061
494224
101090
232167
101127
265244
363464
363468
101450
265253
169878
101952
432062
235469
541319
322866
257339
233485
364590
426776
102662
191881
102754
102834
322979
233954
496215
234100
365313
496509
388587
191984
365512
234475
432297
365596
20903
103465
365624
234612
496766
365728
497873
344974
497010
365946
366116
160589
104172
366349
235328
497558
366500
366702
497788
431207
235760
104817
498082
235945
105100
367259
498372
105219
12233
367065
42785
453050
432604
105388
279726
105520
388961
367700
170525
236725
236792
499004
105820
105830
273049
389020
105903
237009
237110
499309
279829
146481
237383
106363
45226
106490
148827
237617
499867
368811
368875
237853
367337
237976
127760
369126
83369
369207
367372
170765
238171
107109
369321
261077
238316
500467
238336
238352
310047
107384
155219
238623
107571
500792
107633
238768
238772
61642
130163
107903
433046
429312
501323
345701
258327
170952
370378
83586
345745
108557
108695
61825
502126
280297
371157
480820
192954
109164
371392
109281
240433
502606
109513
371684
109561
371714
502828
109666
371911
503023
371960
503036
109823
109863
258611
372058
396467
127558
193095
527963
503249
110058
241236
241271
171284
498967
503479
503539
372555
241490
503640
457587
503653
110473
503734
110536
110573
241675
372774
265557
241785
160810
503976
241860
322302
110937
18501
111140
112228
373332
373342
373410
373414
242350
422351
504606
111432
139012
504748
265586
111574
373722
575469
242900
51735
374102
243160
505384
374391
243443
302740
237225
112639
374845
112732
112785
374994
112882
112899
84363
215443
375201
113293
375464
506555
477643
113391
506664
244530
375659
244597
113593
244675
506910
56161
244804
506955
114139
114175
455334
376381
376422
245371
245530
507680
114541
387895
376819
114694
377019
246085
565303
115086
508398
115270
377434
246434
435930
281382
154399
377649
115518
246841
565429
259595
115845
73690
115893
346997
378077
378090
378189
3866
143929
262897
561479
5140
378637
170118
509764
247680
509870
412664
116851
379115
379130
379155
379315
543830
543833
117428
510652
248564
248610
248649
379736
117939
117958
511249
118086
380248
511357
511392
118234
536412
511676
511693
118480
118673
118726
129037
118909
34835
250054
250079
250124
510250
119101
422969
119488
321980
513103
251016
120044
169854
382447
513532
251405
120399
382624
251696
216716
391481
252801
325981
43306
540863
252381
514635
383640
388376
304250
514806
252679
102066
514902
252775
253487
296477
252902
121841
121857
384078
515191
122109
253212
122350
123067
384675
384793
516008
30276
488553
516088
385026
254025
516265
254134
516300
123193
516439
254325
385445
385494
282703
123371
566704
516834
386018
123878
123967
123995
517276
124067
413896
255179
386295
435755
195459
386377
20707
124280
517521
255420
501696
255669
517878
151862
386936
518110
151908
518273
387368
125247
125252
435975
256608
501909
125817
445007
152048
431917
257065
125995
126014
86555
126161
519398
519404
126235
257461
519628
519707
314093
26035
257620
519774
519783
174012
388823
126687
126719
542041
257928
258017
126979
520229
389207
520349
258226
127167
195969
389392
520553
414439
267082
127553
441663
127654
318497
521014
521031
258894
127892
390061
259060
521218
128029
259198
390374
259354
334302
501995
259514
455824
259676
567572
390782
152677
392727
135482
423739
480241
65400
157981
260135
522316
283629
34855
391394
109973
528047
129407
260519
541147
391725
260721
129700
129753
523035
260969
392098
414881
130000
523225
130120
261202
244383
130180
152733
303593
240194
152819
130492
480502
523749
109145
261664
261696
524019
537782
309873
261990
524144
502422
262059
309878
131007
