9
89
152942
524467
393486
131374
308
524625
262519
393608
131547
131565
714
393954
394036
201659
131927
263041
525232
394172
394210
132123
263196
525342
1059
394276
263208
263212
1090
1098
525391
1107
394330
263264
1122
263270
525424
1139
525438
1166
525459
263320
132249
132258
263333
132262
132265
546333
1216
132290
394436
525510
1224
525513
132303
1232
263377
1238
263383
263388
525539
263400
132331
1264
394481
394486
393428
525563
263420
525567
1282
415275
394501
525580
525589
525591
263450
394523
263453
263454
1311
394529
132386
1315
263462
525607
132394
525612
394547
1332
132405
263478
263479
525625
132412
1386
394627
132494
132500
135348
525782
1526
263677
132654
525898
284259
131342
394879
502725
528165
393508
327979
395030
526105
397233
1864
395192
264158
526350
153270
524649
395426
74211
526522
264395
262529
262538
197005
526681
126651
510729
264618
264620
395822
2703
133835
2776
527112
265070
397269
2964
32301
527267
546631
66041
265187
333102
134227
201662
503022
283715
527879
265737
396825
527908
265773
527922
396852
134717
396862
527935
396866
396868
396871
396880
3668
265814
265815
265818
396896
3682
265831
3692
134770
396924
3713
396934
396941
134799
134801
528019
528020
3745
134818
134825
396975
134832
134837
393844
3770
528060
134846
393845
528067
528071
134857
528074
397004
397010
265943
3804
528094
528097
397034
265967
528112
3830
134912
528129
528130
528131
153559
528154
134946
397094
266029
134958
266031
397105
528189
161617
528197
528198
397129
397132
266069
266071
397148
175418
3935
528224
266083
3941
135016
397161
266093
397167
659
397173
135032
266108
3967
397184
397186
397187
135045
415724
3982
3988
397207
135065
397212
397216
397219
135082
135086
4020
135094
266168
397241
528315
4032
4038
135113
135122
4051
528342
397276
135135
4068
397294
4080
266228
397307
266244
393900
528412
266271
4129
266274
397349
135206
528425
4138
4139
4140
528432
266289
393907
397365
546825
266302
4159
397378
397379
528452
135237
266310
528465
135258
266334
266336
135267
437607
152898
4208
4219
135292
266369
397445
266375
135305
393922
397461
397462
131780
135322
528539
135326
397473
4259
397479
135336
528556
397486
135344
135345
266418
4278
4282
397502
414772
4289
135364
397511
135369
266442
135372
153634
4308
397525
4508
266461
4318
4322
266469
4331
266479
528624
135412
528631
135420
266503
393943
135438
266518
266520
4377
397599
4385
266533
397606
135463
266536
4394
135467
415794
135472
4404
266550
135480
528699
266556
266563
528710
4424
266569
4428
397645
528764
328427
135564
397717
4537
4579
384231
284759
547837
4739
66327
266912
529107
4823
545727
529350
22691
136232
136233
529470
136260
529477
5198
398448
136332
525176
267497
267555
267647
77346
267715
136651
398869
267870
267988
5962
399236
530342
530508
399461
6295
132137
530762
268668
268682
525380
530898
137701
132183
137757
531027
131162
6809
400028
400060
547284
269063
59403
138064
462879
70380
197863
1261
66816
192295
162411
13146
388498
340727
410581
416648
504030
471686
318929
22145
285634
10243
260195
285800
460575
273138
87662
528493
240441
460739
64681
358558
67655
460896
537160
133225
406268
526464
413841
144272
144275
144320
332065
406543
166296
537689
275565
242539
13468
406716
144580
537803
406805
144683
537920
144705
144951
13922
192953
407216
14014
14034
14049
2349
407313
276482
319088
276514
14402
145499
14432
407699
92138
145606
538848
276711
428208
276753
145682
264581
502407
145898
145935
277141
277202
146171
15110
89906
539448
15165
277375
15307
146436
358405
146638
277746
539920
15653
15684
277858
277907
540059
15772
284670
374028
540257
409216
147131
16112
278260
147291
540508
16243
16251
24554
147398
540617
409546
16334
540633
540664
16383
540679
147492
16424
409658
409706
147591
409739
409740
409754
540872
147659
540890
278752
278753
540923
548906
540933
409862
581036
147743
395995
147753
147826
16757
278921
278936
16796
147873
109224
278963
541117
295428
410061
396029
147983
279073
389006
417885
188239
16963
410182
541258
541288
279182
410256
148146
541367
68385
148176
17105
410331
144599
541408
410345
541422
196974
541450
148965
527155
17205
24714
17216
410441
17236
14954
427835
410494
541571
410509
148373
17312
148411
279485
17401
541712
279584
541730
419575
165350
148541
410708
330597
541856
17580
17582
199539
410808
279753
410845
541938
541994
17717
279881
410962
148839
148852
542070
279931
279941
279946
279978
542129
279990
411063
542138
411083
280018
280023
280051
465374
411171
17967
411189
17985
411212
18011
149091
411238
411247
134078
411261
112235
411274
411289
280228
411321
280254
411327
280267
280270
149202
149212
411358
149221
149223
537441
542485
149295
411451
18244
149327
411478
18292
18327
18333
134128
280490
280494
461820
18414
284307
149498
542715
18432
330752
149554
411703
18495
411717
542809
18529
542824
18542
18555
411773
418155
149645
280765
18658
149737
411883
280814
280829
149817
18780
412009
18802
418196
280980
149921
279957
156060
281005
543164
412101
412112
543194
281051
18917
281066
18940
150032
18973
412190
412194
281131
19023
281168
412277
412281
19074
281237
281246
150185
150192
19123
543521
156125
19250
281406
412491
35558
150354
412508
150367
550572
412516
412535
412566
543645
150444
543661
19380
19391
3234
281557
281563
412641
515662
412720
483855
281700
281701
410916
412780
412781
412806
412815
281748
281756
412830
19635
90912
19637
543942
543947
412901
150772
19711
281906
412992
544086
544089
150877
413037
544113
281970
544130
281996
537497
330990
282067
151016
151017
413206
282137
287322
544309
151096
151100
544329
25193
544380
413334
151214
489497
20150
20156
413374
221814
527649
20168
20202
494195
151328
544556
282425
20291
544601
282466
413539
413572
282503
20380
151466
544687
413623
282552
413628
544705
20418
282579
20436
151523
287400
544760
151546
413699
151563
151567
20524
151637
20576
151664
282737
151669
20601
20619
282773
413847
20677
544968
282828
413903
20702
544994
282868
151801
282889
413970
413984
545066
151869
20818
151893
282978
282981
282998
283004
151945
20888
545187
505927
283059
20917
152003
549626
20962
545251
152090
21020
21079
545375
21097
283257
134599
152261
152273
581670
414471
283403
21260
414479
21280
21286
22837
418611
283445
545632
142
152431
545651
21364
545659
152479
283557
134643
414651
283584
21462
414684
21469
283638
21504
152578
283658
283673
152626
545849
283720
152657
21595
545891
545898
21622
414849
283780
414887
545982
283840
152769
21698
545987
414916
152782
21718
283863
283868
21750
546041
546088
283960
152914
546151
284008
331326
546205
152992
415150
415174
415201
153064
415232
546311
22026
3671
22041
546361
284218
22080
134752
284233
153162
546379
22102
22104
284252
153186
284290
153219
22150
546494
375093
284494
153476
22448
546739
22518
153591
22529
153616
415806
153674
25616
153710
153736
153845
153880
416047
22857
547165
74925
285091
285099
416172
285170
547315
285180
416281
416284
416286
416300
353378
416408
154274
416426
285358
416450
154382
154384
3897
285529
416604
416622
285562
23450
547752
91295
547794
23546
397143
23570
416875
547999
416973
154868
23803
23812
13252
285998
286000
417141
331676
286137
24023
24026
548351
24072
417293
548377
417369
244326
24234
548545
155340
24310
286471
155448
286619
286656
417751
286685
112811
548913
286773
548936
286802
155749
548971
286876
550258
286953
418114
549199
200764
397390
205967
287213
528467
459110
287249
156202
288180
418394
4201
419834
156323
397431
550359
287541
222688
549715
135316
418722
156604
156608
25665
418894
156776
418927
515917
519234
550021
287881
69839
156939
25907
4319
419145
157026
26053
550394
26208
550532
157344
419501
157397
288506
419664
419678
157645
559544
197289
332115
26662
26995
57639
289245
551413
289282
27142
201145
289428
420575
5277
551795
157512
70133
289739
18377
158726
289852
135694
158818
552114
376013
332333
159198
552520
552565
28288
421639
489778
28589
472320
421944
157707
28782
28802
422067
553176
29041
160142
419908
160181
332537
275700
422427
553528
70415
29285
422528
29323
160428
160629
105733
332623
29706
160848
554125
160926
160938
29931
161051
423214
423222
35916
554398
292289
306525
423534
332733
280340
423796
292767
161812
161941
424137
555263
114510
293169
245451
293362
555514
293371
162343
555613
424637
162573
332932
325801
460228
293820
158197
332965
162813
424979
31812
556203
425141
425175
425218
425242
420406
556391
294323
32242
163362
556636
70931
556745
556752
354938
425721
556838
294734
32629
27299
163818
136539
294978
557174
32903
557205
163999
529786
539767
464271
33172
557508
295394
322321
557589
295626
464340
5589
266557
468970
164691
71159
541591
164918
558142
296002
296153
296187
427335
165267
296410
34279
33633
558748
558798
558804
472519
293524
165684
558910
558968
427909
464537
296894
428006
34837
202423
297049
145192
35097
428340
428345
71399
123378
559497
333555
71427
35361
559652
297509
35382
333580
166533
428778
166678
428834
35668
560052
35817
560137
35945
429319
36123
560489
69200
560517
429448
560532
560573
167397
560644
429606
560691
429745
298698
167645
298853
36750
167848
324200
246453
31434
168083
37015
561346
430285
168207
424596
430476
37286
168368
37326
561630
561643
299527
37429
561761
193287
299712
561891
561988
37708
246587
37782
421393
71917
520654
290378
190547
324261
537090
563340
39082
301413
203163
563904
334285
39159
290720
512007
247098
132299
522423
465625
116134
157526
134705
232716
31994
321506
334803
567036
154189
171648
487778
72792
334940
568171
568174
320081
175362
506576
437543
44341
55288
437604
44404
175477
306552
44414
44425
437662
437756
437801
466196
428018
569602
569607
307464
335249
569878
488215
308251
570574
203577
439633
308582
335441
466519
308758
486018
571036
219409
268292
571246
47001
47054
328906
569716
309267
571513
309386
32126
440650
440673
425418
309714
571881
47629
178785
572173
179085
195852
488686
226555
48661
335815
40906
542839
442461
49424
423310
181047
445325
183205
575060
401681
336195
465595
51110
275304
379911
74080
51473
270740
189223
182824
342159
445218
473102
445327
314282
183219
204606
96105
554860
467537
336489
74549
446365
339042
447037
407693
72809
172010
30038
578337
504896
578523
578533
578751
54492
185577
316781
377456
447907
54764
579053
198227
110944
132310
448530
283188
424337
580051
74840
96723
446303
141543
185193
56647
187724
580945
580957
449904
449942
223023
56753
187886
187897
318999
187952
450111
581198
581199
581204
74356
56972
12398
77195
450317
319273
227976
9539
249839
188352
319430
581629
271701
581662
581668
581674
319543
581715
319650
159038
450748
319688
450761
188658
450864
57673
53304
450904
18233
57772
57782
188858
451003
451032
1926
188920
319996
441199
188965
54304
189033
320137
147823
320245
451337
293679
58153
451409
337390
58267
419767
58307
189390
451535
320471
162645
451597
420938
58403
224537
451698
451739
58541
228211
320707
58572
189646
189648
451826
58619
451836
58677
58681
320834
189767
58731
58796
58801
58815
189893
58834
58864
189957
452177
190052
220190
321140
75369
452229
190087
359363
59036
577819
190133
449936
577830
452334
59123
452380
321310
190277
59229
452470
321427
272026
321438
190378
59319
569363
387792
316224
263138
45625
190554
321646
452750
321690
321701
59571
59582
206539
59596
452852
294409
452892
321878
446864
190826
190828
190942
59882
340829
59910
322080
322121
191101
60043
228956
191205
322278
453354
453357
60172
191249
60190
322394
322402
322405
322407
191338
60325
322478
453552
453562
498156
322517
184828
60425
10073
425137
453680
453711
272228
191592
447197
166254
60593
198421
191669
191706
453853
191717
403325
191740
60737
60769
442840
191994
454171
60982
61007
192098
198436
10175
61053
61054
150427
323240
192196
323278
454372
192234
323336
61203
394806
323387
454477
24849
323421
454514
180987
131343
192410
556360
61372
61375
206841
192497
192501
454659
323592
61478
469009
323722
323728
50061
578250
454886
61672
192759
192768
61697
185051
192808
61838
61843
192920
61854
192928
403526
324012
54013
324115
193062
324171
286044
62075
561687
455322
193193
455339
455374
185124
455416
324381
62279
324450
62324
324490
324507
324521
62426
455649
193506
455657
62446
455677
324677
324682
62543
62552
324717
62591
62608
546343
62648
455874
455877
324829
455902
62691
324894
324923
324940
469220
193931
325015
325021
32329
290153
325057
456136
303247
456142
316336
54194
325173
512950
194154
325236
185281
325287
54218
456389
325332
126552
325362
277070
456481
403761
194357
63325
456606
360092
456658
194530
194536
194553
325654
456761
194620
54294
469170
534898
194738
325833
456936
194842
194907
325986
325989
457068
63857
63865
63866
316482
326064
360179
457168
195027
457205
326148
457261
457263
469427
457292
326247
556823
64239
447627
326484
64350
460446
64389
403953
195506
326584
294730
34827
326594
457667
457668
64460
316581
64492
457732
469509
326734
32611
403687
457827
64619
457843
195724
457871
457906
326836
294775
141860
64733
326892
326903
195840
326936
32644
326947
64836
360334
32711
195927
195947
458134
458139
556956
185591
458198
199841
458249
327181
54532
458282
196170
54541
458326
163771
535145
196299
327404
65261
196351
65329
327505
458616
327572
458650
229362
10909
65457
65504
327660
65557
327724
196773
458922
327860
458935
196817
327895
196876
294957
196899
65837
327998
451727
65884
196971
65971
65979
197053
459214
408099
11010
197155
459325
328298
66156
66166
197251
66209
197318
197324
197327
328407
207654
66301
198611
566911
66319
197407
459557
459576
491659
295053
66388
66398
329551
328582
242261
197525
197551
66516
66518
328679
198620
197651
197662
197663
197689
268454
438671
328792
328810
328833
197762
328847
66746
328951
197897
32984
328995
311197
460092
304905
329054
469914
198108
67052
97330
329245
426246
399408
33042
460408
579184
557344
329411
67339
198414
329490
460565
198426
425550
329543
67462
329616
329623
329652
198622
67560
67573
198653
460809
329756
460833
27510
67631
460862
67647
67657
198788
460950
460986
460998
140988
461024
461042
461099
330040
67936
330112
461189
504988
330173
330174
461267
203034
330208
330220
579329
199177
461361
330327
342703
330342
461488
426429
68305
333978
295379
68344
68356
199458
199460
461657
164339
330694
348203
330737
330748
68633
426513
68749
330909
462054
142545
199930
199946
199958
462110
462138
142569
331139
69048
331222
200181
331331
331350
69214
200305
462477
331409
200339
331417
462501
69344
120785
200455
69410
200483
331560
200500
200503
331629
462712
316561
200618
462767
462811
200680
331759
462847
69675
331822
331832
200778
200782
331863
331864
462968
426690
69809
69826
69837
421320
69866
408227
332031
200971
463175
332124
201062
332162
535961
332202
332204
70062
142201
463284
70094
201184
186451
317537
70239
463464
70255
463495
463533
332463
77260
70346
201425
463591
565367
332540
70402
70459
120971
332613
70479
463702
154073
463739
463753
332705
332739
18801
463844
201702
201738
332816
463889
70710
70755
332913
201844
464056
201919
443177
333067
142896
317659
333134
71011
333181
202128
333201
202137
202146
448761
202260
202279
71244
71264
464490
202426
464585
71371
464650
539216
576589
464784
333748
464854
333848
71726
71754
198793
530497
202861
202918
71870
11990
334098
121219
465177
71984
465204
517899
41678
334187
383382
334220
465302
55712
203208
465359
334328
72233
465457
334470
334529
465610
2411
361594
446559
334587
405291
383446
334637
72538
72575
334732
72615
465838
334777
334789
203756
339796
72717
203822
203843
334920
99511
203867
72817
72866
72872
203975
466136
204174
143258
204219
204225
466374
335332
335362
222783
325206
335433
470976
466627
73427
73434
466664
204529
73460
165161
466694
335633
492851
335688
73549
208868
296252
73583
466822
73639
246779
73757
339978
73801
274446
73824
73885
204962
204981
467146
336075
336088
467177
205116
205125
336211
74078
74127
336313
336314
205266
467411
205299
74273
449291
274529
336479
467579
74365
296385
205477
336569
467654
336593
205525
336637
558278
205572
74502
74517
336663
74534
467763
74577
74630
205756
336843
205790
165373
336910
336942
74820
536760
468068
205960
205964
427544
558623
206013
74942
74945
74964
206066
468224
337161
206102
468258
165426
468276
337232
468306
75114
468357
206280
75230
75258
75270
337416
468518
75311
206420
580541
206454
206492
337579
340261
417143
279777
206583
340267
337689
206628
67985
468834
468852
468894
206793
75726
337883
165542
469014
337949
75810
75842
337991
206926
75863
177107
34491
75910
469188
338118
440310
116010
469293
76081
430257
187454
515136
207234
508821
187464
207331
469488
338438
207424
56416
338541
207475
76406
377893
493339
76462
50556
338629
207629
76590
34611
15644
76652
469880
469912
338872
452102
76802
470055
470068
470104
339059
530668
208008
362349
208024
208029
530533
28750
76978
208055
339159
77099
274999
77137
77174
470393
208250
208256
470414
319122
208304
470487
208348
187644
208386
77332
77467
470685
470691
208548
339681
77542
208633
208646
384302
470811
470821
34785
208714
275088
339815
116064
339830
209563
385667
208820
208845
513240
471039
340002
208957
471113
209016
340126
471202
77990
54398
471238
340171
471245
78059
78546
340217
340220
340259
209191
471345
471348
340292
209229
471382
209253
471409
122259
78253
311273
471515
78590
98629
340535
78394
116088
471634
471647
78462
209537
340611
406295
340623
471698
78509
340673
209603
209638
78578
340736
78610
78633
471851
209718
209745
209794
471952
209809
166043
181493
340943
472022
472026
340983
13140
209922
78859
341035
78909
341054
168480
166082
210077
210082
79076
471935
472348
79170
341335
472432
341437
210371
341455
472552
472602
472617
341546
79441
79506
210597
537555
341781
341834
472925
341894
428355
210845
210856
473072
340995
473134
210999
211048
80085
473491
473745
369304
581425
166375
211850
342996
211968
57178
474256
212311
474637
474709
474732
384961
474760
212628
474859
144693
122854
101017
363190
213135
475313
213274
427395
482841
344632
475804
475874
344805
476151
275969
83060
538133
476383
560004
214300
336621
83738
83787
83968
560131
84002
430531
254376
215625
451033
347167
85171
242885
531290
210844
216954
86282
14385
479539
479563
479666
58102
451331
98904
189229
348957
480065
495077
86932
103280
451407
218145
235390
349337
218399
42481
87513
218648
218649
480812
218674
480939
218809
495233
481165
517101
531308
219064
350165
88025
350206
276829
88146
342374
36542
88192
481452
88330
481652
219565
350733
277916
320611
219735
7318
350854
88723
58482
88773
350940
219869
347754
482195
482197
298827
89051
234285
267700
120181
351380
351400
102724
266353
351719
98361
220736
220763
220843
64093
89914
483162
221223
90122
352316
483418
352484
221427
321879
90569
90570
352724
352758
430167
352807
352814
90744
90782
147054
90862
353056
102540
58857
353197
413300
222251
190026
277346
484476
484598
92909
91463
222594
222664
91595
15268
222691
342963
484960
413324
91891
223006
485234
485246
164552
124580
485342
223242
223270
80931
146513
561577
223831
212082
142761
486250
365031
355194
486345
452441
93246
93279
486581
486627
486628
93428
355629
355638
93644
212229
355918
93793
224971
224989
212302
299923
487414
356344
387075
452615
225468
499054
225604
487766
540057
125015
225835
356916
452719
95023
343598
488345
226262
95258
95273
15881
95292
221400
357470
201402
365431
357584
95535
226611
95562
168858
357837
488955
95753
358033
59933
489195
96008
37847
489255
227127
227178
227185
227325
96294
358484
489573
227456
96466
358675
96568
489978
359005
227946
96901
227975
227978
96986
359139
359201
228160
490356
225337
359320
228274
352399
147278
490496
97396
228478
228514
526987
193495
191031
490872
60360
465734
548821
491018
359968
278224
505713
97976
365855
360126
97999
491249
191102
491272
229172
98123
505188
491381
98276
229378
360485
360536
360555
229525
229541
360637
229596
322260
360759
256741
491888
98694
229774
98732
360896
492078
278638
147568
99008
230094
99062
492321
230236
278675
99222
361391
361394
230334
361490
99417
230507
361593
562712
313198
361858
492993
230851
361928
230916
230931
362118
579446
362140
278816
231142
493329
125541
231253
282667
231387
231395
465050
50096
231448
231500
231987
493707
231593
231671
231714
100717
231868
231905
363038
453734
494224
363303
235316
497464
322707
232358
101355
232451
363671
232663
232670
101630
92331
494895
363940
432037
495124
177977
102163
519482
206685
344729
233526
102488
364719
233703
102655
344802
519578
233932
125633
432216
383141
239114
103059
365232
103098
365251
335138
103230
103251
103287
365479
365544
103427
365582
125652
496746
82805
365934
497033
235043
235091
39201
195507
348269
448653
366435
126610
7838
366476
235437
497591
235464
235518
235568
366661
366733
279588
68953
114174
235792
104739
366897
563601
235949
367201
236176
498372
498403
236386
236397
192320
365573
236515
367615
105594
367758
367792
301603
323466
525318
106100
106123
237224
499369
237281
499500
345417
108293
106521
368746
106704
500077
192581
238007
369086
369202
369212
395259
107176
107197
55947
369567
214526
500764
369726
107686
369857
170882
501015
238887
370059
107969
501227
239144
501289
520472
370362
239315
501625
239670
426975
127342
214725
549188
370996
544826
108892
240195
109164
240247
498815
502629
502760
109561
367786
453195
502911
502914
240841
240902
372003
143323
240944
109921
503170
193095
503234
372319
241289
110233
503472
503478
503557
503739
105804
372775
503856
110665
110723
241806
110798
18467
110829
505611
504108
436073
504159
504160
504165
504184
110982
242090
504348
242210
523081
111262
504598
93269
564715
193347
111543
111606
242709
111754
504982
473815
373970
374106
505234
374210
542969
505309
505642
243504
505757
112584
243820
243824
324635
506037
18819
50507
477580
506226
3764
375245
331871
506470
506582
375528
222003
113436
244635
244646
375728
375741
113599
266299
244836
376065
376087
376131
114226
507444
245317
281191
245371
114519
114648
324943
507876
245733
376806
376848
245823
245922
114854
138684
377205
115113
508382
115197
246298
305409
246356
377476
237677
115345
121683
377513
106616
377578
34397
115506
106636
106644
414115
246725
246787
259591
377944
509039
377973
378024
246981
509210
479598
492692
116147
116223
247296
116270
509490
378444
378455
247397
116334
509563
575627
19397
509607
121718
509740
84964
509800
331225
247786
247789
378864
378905
247871
510027
36567
247951
116882
379241
247979
116911
41345
248118
575652
422894
170371
41392
510572
510613
117542
204683
361811
510979
511036
117821
565771
511053
511160
380108
249086
164891
249151
380239
238140
522135
118158
380338
118199
380420
283269
380484
565870
511639
511666
511693
511736
511842
456443
118697
249822
49673
118794
381000
381008
259170
257105
512308
91257
85404
566993
250350
172827
381642
512736
119536
381811
468585
381908
134924
382006
382011
513087
250952
119909
119966
41840
513191
119993
120018
251121
194777
343849
382261
120120
382287
382559
382564
251523
382653
382655
513744
282239
414284
382881
540858
457050
383106
252038
383173
318541
383250
252188
514346
121232
121237
252373
121328
383556
121445
252525
514683
383652
383787
383841
63974
216899
500891
383949
85846
515191
515224
544623
515249
122147
515377
253265
253290
122263
122264
12805
122469
253551
515829
515893
575837
515899
369977
85998
516000
122802
385070
516184
516193
161218
174312
195265
123028
366353
385283
516471
424844
123336
516595
516655
20599
77841
161242
331463
217252
517178
123967
124057
514781
124101
255226
517382
124188
517438
566849
255368
523166
86372
517597
255471
517656
255546
129980
386784
396958
517931
255849
124804
124812
518124
124914
151908
518266
387206
387333
387360
387408
125270
518510
125311
326723
256454
274776
518649
261205
431902
156943
125694
518932
47833
64659
387976
173893
256951
388031
233030
126204
126437
257517
257615
519832
257723
174028
126699
204987
545411
453417
520087
520100
520199
389152
258155
258158
520349
281920
389326
545491
520519
348907
258440
520635
174157
520685
127581
261576
253031
127882
521101
458170
43171
521200
521269
174263
128127
511689
128278
390499
259439
545689
259484
128475
390706
521800
545721
259712
128647
436507
152531
521982
521988
390956
108859
391031
391065
522338
129133
129166
391330
21534
391361
260359
391460
129334
391480
522574
152632
87235
129415
391615
129510
436649
283734
129551
391733
129599
165674
130834
522897
522930
129771
129820
260906
392035
354389
392154
130011
523390
130184
261271
130269
87266
305724
196503
349423
523684
152819
261597
130610
261720
371313
146645
130876
262116
262001
524155
262031
130974
393159
131058
43645
